4.96418
4.96492
4.96566
4.9664
4.96714
4.96788
4.96863
4.96937
4.97011
4.97085
4.97159
4.97233
4.97307
4.97381
4.97455
4.97529
4.97604
4.97678
4.97752
4.97826
4.979
4.97974
4.98048
4.98122
4.98196
4.9827
4.98345
4.98419
4.98493
4.98567
4.98641
4.98715
4.98789
4.98863
4.98937
4.99011
4.99085
4.9916
4.99234
4.99308
4.99382
4.99456
4.9953
4.99604
4.99678
4.99752
4.99826
4.99901
4.99975
5.00049
5.00123
5.00197
5.00271
5.00345
5.00419
5.00493
5.00567
5.00642
5.00716
5.0079
5.00864
5.00938
5.01012
5.01086
5.0116
5.01234
5.01308
5.01383
5.01457
5.01531
5.01605
5.01679
5.01753
5.01827
5.01901
5.01975
5.02049
5.02124
5.02198
5.02272
5.02346
5.0242
5.02494
5.02568
5.02642
5.02716
5.0279
5.02865
5.02939
5.03013
5.03087
5.03161
5.03235
5.03309
5.03383
5.03457
5.03531
5.03606
5.0368
5.03754
5.03828
