0.00367582
0.0039835
0.00429119
0.00459888
0.00490657
0.00521426
0.00552195
0.00582964
0.00613733
0.00644501
0.0067527
0.00706039
0.00736808
0.00767577
0.00798346
0.00829115
0.00859883
0.00890652
0.00921421
0.0095219
0.00982959
0.0101373
0.010445
0.0107527
0.0110603
0.011368
0.0116757
0.0119834
0.0122911
0.0125988
0.0129065
0.0132142
0.0135219
0.0138295
0.0141372
0.0144449
0.0147526
0.0150603
0.015368
0.0156757
0.0159834
0.016291
0.0165987
0.0169064
0.0172141
0.0175218
0.0178295
0.0181372
0.0184449
0.0187526
0.0190602
0.0193679
0.0196756
0.0199833
0.020291
0.0205987
0.0209064
0.0212141
0.0215218
0.0218294
0.0221371
0.0224448
0.0227525
0.0230602
0.0233679
0.0236756
0.0239833
0.024291
0.0245986
0.0249063
0.025214
0.0255217
0.0258294
0.0261371
0.0264448
0.0267525
0.0270602
0.0273678
0.0276755
0.0279832
0.0282909
0.0285986
0.0289063
0.029214
0.0295217
0.0298293
0.030137
0.0304447
0.0307524
0.0310601
0.0313678
0.0316755
0.0319832
0.0322909
0.0325985
0.0329062
0.0332139
0.0335216
0.0338293
0.034137
0.0344447
