0.629473
0.630756
0.63204
0.633323
0.634607
0.63589
0.637174
0.638457
0.639741
0.641024
0.642308
0.643591
0.644874
0.646158
0.647441
0.648725
0.650008
0.651292
0.652575
0.653859
0.655142
0.656426
0.657709
0.658993
0.660276
0.66156
0.662843
0.664126
0.66541
0.666693
0.667977
0.66926
0.670544
0.671827
0.673111
0.674394
0.675678
0.676961
0.678245
0.679528
0.680812
0.682095
0.683378
0.684662
0.685945
0.687229
0.688512
0.689796
0.691079
0.692363
0.693646
0.69493
0.696213
0.697497
0.69878
0.700064
0.701347
0.70263
0.703914
0.705197
0.706481
0.707764
0.709048
0.710331
0.711615
0.712898
0.714182
0.715465
0.716749
0.718032
0.719316
0.720599
0.721882
0.723166
0.724449
0.725733
0.727016
0.7283
0.729583
0.730867
0.73215
0.733434
0.734717
0.736001
0.737284
0.738568
0.739851
0.741134
0.742418
0.743701
0.744985
0.746268
0.747552
0.748835
0.750119
0.751402
0.752686
0.753969
0.755253
0.756536
0.75782
