0.233665
0.23506
0.236456
0.237851
0.239247
0.240642
0.242038
0.243433
0.244829
0.246224
0.24762
0.249015
0.250411
0.251806
0.253202
0.254597
0.255993
0.257388
0.258784
0.260179
0.261575
0.26297
0.264366
0.265761
0.267157
0.268552
0.269948
0.271343
0.272739
0.274134
0.27553
0.276925
0.278321
0.279716
0.281112
0.282507
0.283903
0.285298
0.286694
0.288089
0.289485
0.29088
0.292276
0.293671
0.295067
0.296462
0.297858
0.299253
0.300649
0.302044
0.30344
0.304835
0.306231
0.307626
0.309022
0.310417
0.311813
0.313208
0.314604
0.315999
0.317395
0.318791
0.320186
0.321582
0.322977
0.324373
0.325768
0.327164
0.328559
0.329955
0.33135
0.332746
0.334141
0.335537
0.336932
0.338328
0.339723
0.341119
0.342514
0.34391
0.345305
0.346701
0.348096
0.349492
0.350887
0.352283
0.353678
0.355074
0.356469
0.357865
0.35926
0.360656
0.362051
0.363447
0.364842
0.366238
0.367633
0.369029
0.370424
0.37182
0.373215
