84.4106
84.5841
84.7575
84.931
85.1044
85.2779
85.4514
85.6248
85.7983
85.9718
86.1452
86.3187
86.4921
86.6656
86.8391
87.0125
87.186
87.3595
87.5329
87.7064
87.8798
88.0533
88.2268
88.4002
88.5737
88.7472
88.9206
89.0941
89.2675
89.441
89.6145
89.7879
89.9614
90.1348
90.3083
90.4818
90.6552
90.8287
91.0022
91.1756
91.3491
91.5225
91.696
91.8695
92.0429
92.2164
92.3899
92.5633
92.7368
92.9102
93.0837
93.2572
93.4306
93.6041
93.7776
93.951
94.1245
94.2979
94.4714
94.6449
94.8183
94.9918
95.1653
95.3387
95.5122
95.6856
95.8591
96.0326
96.206
96.3795
96.553
96.7264
96.8999
97.0733
97.2468
97.4203
97.5937
97.7672
97.9406
98.1141
98.2876
98.461
98.6345
98.808
98.9814
99.1549
99.3283
99.5018
99.6753
99.8487
100.022
100.196
100.369
100.543
100.716
100.89
101.063
101.236
101.41
101.583
101.757
