0.0846124
0.0849772
0.085342
0.0857068
0.0860716
0.0864363
0.0868011
0.0871659
0.0875307
0.0878954
0.0882602
0.088625
0.0889898
0.0893546
0.0897193
0.0900841
0.0904489
0.0908137
0.0911784
0.0915432
0.091908
0.0922728
0.0926376
0.0930023
0.0933671
0.0937319
0.0940967
0.0944614
0.0948262
0.095191
0.0955558
0.0959206
0.0962853
0.0966501
0.0970149
0.0973797
0.0977444
0.0981092
0.098474
0.0988388
0.0992035
0.0995683
0.0999331
0.100298
0.100663
0.101027
0.101392
0.101757
0.102122
0.102487
0.102851
0.103216
0.103581
0.103946
0.10431
0.104675
0.10504
0.105405
0.10577
0.106134
0.106499
0.106864
0.107229
0.107593
0.107958
0.108323
0.108688
0.109053
0.109417
0.109782
0.110147
0.110512
0.110876
0.111241
0.111606
0.111971
0.112336
0.1127
0.113065
0.11343
0.113795
0.114159
0.114524
0.114889
0.115254
0.115619
0.115983
0.116348
0.116713
0.117078
0.117442
0.117807
0.118172
0.118537
0.118902
0.119266
0.119631
0.119996
0.120361
0.120725
0.12109
