0.821247
0.822862
0.824476
0.82609
0.827704
0.829318
0.830932
0.832546
0.83416
0.835775
0.837389
0.839003
0.840617
0.842231
0.843845
0.845459
0.847073
0.848688
0.850302
0.851916
0.85353
0.855144
0.856758
0.858372
0.859986
0.861601
0.863215
0.864829
0.866443
0.868057
0.869671
0.871285
0.872899
0.874514
0.876128
0.877742
0.879356
0.88097
0.882584
0.884198
0.885812
0.887427
0.889041
0.890655
0.892269
0.893883
0.895497
0.897111
0.898725
0.90034
0.901954
0.903568
0.905182
0.906796
0.90841
0.910024
0.911638
0.913253
0.914867
0.916481
0.918095
0.919709
0.921323
0.922937
0.924551
0.926166
0.92778
0.929394
0.931008
0.932622
0.934236
0.93585
0.937464
0.939079
0.940693
0.942307
0.943921
0.945535
0.947149
0.948763
0.950377
0.951992
0.953606
0.95522
0.956834
0.958448
0.960062
0.961676
0.96329
0.964905
0.966519
0.968133
0.969747
0.971361
0.972975
0.974589
0.976203
0.977818
0.979432
0.981046
0.98266
