-0.5425 -1.2425 0.0176921 -0.229093 -0.288508
-0.5075 -1.2425 0.0307938 -0.220416 -0.233283
-0.4725 -1.2425 0.0431128 -0.212038 1.22477
-0.4375 -1.2425 0.0546498 -0.204002 -0.447577
-0.4025 -1.2425 0.0654098 -0.196355 -1.42148
-0.5775 -1.2075 0.0130546 -0.208276 -0.344655
-0.5425 -1.2075 0.0267025 -0.198945 -0.579085
-0.5075 -1.2075 0.0395285 -0.189867 1.4377
-0.4725 -1.2075 0.0515272 -0.181084 -0.840229
-0.4375 -1.2075 0.0626976 -0.172645 -1.14569
-0.4025 -1.2075 0.0730432 -0.164599 0.166169
-0.6125 -1.1725 0.00842356 -0.188819 -1.99316
-0.5775 -1.1725 0.0227012 -0.178873 0.517997
-0.5425 -1.1725 0.0361232 -0.169125 -0.729122
-0.5075 -1.1725 0.048678 -0.159622 1.16591
-0.4725 -1.1725 0.0603579 -0.150412 -0.565306
-0.4375 -1.1725 0.0711598 -0.141546 -1.0716
-0.4025 -1.1725 0.0810853 -0.133074 0.713002
-0.6475 -1.1375 0.00367565 -0.170736 -0.507623
-0.6125 -1.1375 0.0186642 -0.16022 -0.632604
-0.5775 -1.1375 0.0327701 -0.149847 0.414786
-0.5425 -1.1375 0.0459754 -0.139661 -0.453571
-0.5075 -1.1375 0.0582654 -0.129712 1.38074
-0.4725 -1.1375 0.0696297 -0.12005 -0.277584
-0.4375 -1.1375 0.0800624 -0.110729 -0.428439
-0.4025 -1.1375 0.0895632 -0.101805 -0.0738426
-0.6825 -1.1025 -0.00131836 -0.154025 -1.22776
-0.6475 -1.1025 0.0144584 -0.142995 1.63182
-0.6125 -1.1025 0.0293333 -0.13205 -0.459993
-0.5775 -1.1025 0.0432815 -0.121232 0.881019
-0.5425 -1.1025 0.0562815 -0.110588 0.219308
-0.5075 -1.1025 0.0683153 -0.100168 0.469846
-0.4725 -1.1025 0.0793689 -0.0900275 0.183835
-0.4375 -1.1025 0.0894336 -0.0802238 1.60405
-0.4025 -1.1025 0.0985063 -0.0708179 -1.44885
-0.7525 -1.0675 -0.0242086 -0.150132 -0.0688383
-0.7175 -1.0675 -0.00669144 -0.13867 0.572146
-0.6825 -1.0675 0.00994522 -0.127193 0.572412
-0.6475 -1.0675 0.0256689 -0.11574 -0.418522
-0.6125 -1.0675 0.0404486 -0.104349 -0.845806
-0.5775 -1.0675 0.0542558 -0.0930663 -2.38551
-0.5425 -1.0675 0.0670646 -0.0819407 -1.27962
-0.5075 -1.0675 0.0788531 -0.0710257 0.83904
-0.4725 -1.0675 0.0896034 -0.0603793 1.25166
-0.4375 -1.0675 0.0993032 -0.0500632 1.6335
-0.4025 -1.0675 0.107946 -0.0401431 1.4123
-0.7875 -1.0325 -0.0310161 -0.136416 -0.152488
-0.7525 -1.0325 -0.012578 -0.124639 0.310018
-0.7175 -1.0325 0.00498269 -0.11279 -0.151178
-0.6825 -1.0325 0.0216283 -0.100902 0.042118
-0.6475 -1.0325 0.0373219 -0.0890101 -1.95566
-0.6125 -1.0325 0.0520282 -0.0771578 1.54316
-0.5775 -1.0325 0.065714 -0.0653911 -2.23432
-0.5425 -1.0325 0.0783487 -0.0537614 0.757105
-0.5075 -1.0325 0.0899057 -0.0423252 0.364376
-0.4725 -1.0325 0.100363 -0.0311439 0.156285
-0.4375 -1.0325 0.109703 -0.0202836 1.01453
0.2275 -1.0325 0.120314 0.0290817 -0.129269
0.2625 -1.0325 0.11826 0.020126 1.66519
0.2975 -1.0325 0.116787 0.0100619 0.790987
0.3325 -1.0325 0.116003 -0.0010412 -1.18576
0.3675 -1.0325 0.116007 -0.0131062 -0.447249
0.4025 -1.0325 0.116887 -0.02605 -0.21906
0.4375 -1.0325 0.118716 -0.0397855 -0.779353
0.4725 -1.0325 0.121557 -0.0542235 0.236611
0.5075 -1.0325 0.125459 -0.0692739 -1.4204
0.5425 -1.0325 0.13046 -0.0848476 0.626716
0.5775 -1.0325 0.136585 -0.100858 -0.51189
-0.8575 -0.9975 -0.0587463 -0.135752 0.838957
-0.8225 -0.9975 -0.0385168 -0.123896 0.456767
-0.7875 -0.9975 -0.0191113 -0.111886 -1.72993
-0.7525 -0.9975 -0.000571446 -0.0997458 0.732488
-0.7175 -0.9975 0.0170604 -0.0875042 -0.672371
-0.6825 -0.9975 0.033742 -0.0751938 1.70506
-0.6475 -0.9975 0.049432 -0.0628524 1.47423
-0.6125 -0.9975 0.0640899 -0.0505225 0.43021
-0.5775 -0.9975 0.0776773 -0.0382523 -0.446674
-0.5425 -0.9975 0.0901585 -0.0260954 -0.24324
-0.5075 -0.9975 0.101501 -0.0141111 1.54821
0.2275 -0.9975 0.111688 0.0622916 0.206308
0.2625 -0.9975 0.108461 0.0528019 -0.88979
0.2975 -0.9975 0.105884 0.0421424 1.14699
0.3325 -0.9975 0.104076 0.0303924 -0.551816
0.3675 -0.9975 0.103141 0.0176393 -1.18301
0.4025 -0.9975 0.103172 0.00397674 0.155237
0.4375 -0.9975 0.104246 -0.0104976 0.242059
0.4725 -0.9975 0.106427 -0.0256843 -0.165179
0.5075 -0.9975 0.109763 -0.041484 -0.341414
0.5425 -0.9975 0.11429 -0.0577988 0.234699
0.5775 -0.9975 0.120031 -0.0745343 1.30704
0.6125 -0.9975 0.126994 -0.0916004 -1.37387
-0.8925 -0.9625 -0.0680402 -0.12446 2.34734
-0.8575 -0.9625 -0.04683 -0.112505 1.45692
-0.8225 -0.9625 -0.0264206 -0.100346 -0.444142
-0.7875 -0.9625 -0.00685702 -0.0880024 1.409
-0.7525 -0.9625 0.0118149 -0.0754972 -0.67843
-0.7175 -0.9625 0.0295484 -0.0628584 -0.768316
-0.6825 -0.9625 0.0462966 -0.0501187 -1.47955
-0.6475 -0.9625 0.0620128 -0.0373159 -0.339923
-0.6125 -0.9625 0.076651 -0.0244933 -0.0731848
-0.5775 -0.9625 0.090167 -0.0117006 1.53948
-0.5425 -0.9625 0.102519 0.00100681 0.461517
0.2275 -0.9625 0.102536 0.0953393 0.251591
0.2625 -0.9625 0.0980674 0.0852616 -0.0987835
0.2975 -0.9625 0.0943292 0.0739485 -1.13792
0.3325 -0.9625 0.0914489 0.0614908 -0.15298
0.3675 -0.9625 0.0895391 0.047988 -0.734965
0.4025 -0.9625 0.0886969 0.033546 -1.12419
0.4375 -0.9625 0.0890026 0.0182742 1.20215
0.4725 -0.9625 0.09052 0.0022835 -0.484284
0.5075 -0.9625 0.0932966 -0.0143162 -1.02944
0.5425 -0.9625 0.0973647 -0.0314178 -1.03122
0.5775 -0.9625 0.102742 -0.0489187 -0.312059
0.6125 -0.9625 0.109434 -0.0667217 -1.35384
0.6475 -0.9625 0.117433 -0.0847366 0.828657
0.6825 -0.9625 0.126724 -0.10288 0.475884
-0.9975 -0.9275 -0.124829 -0.137279 -0.835508
-0.9625 -0.9275 -0.101211 -0.12584 -0.128884
-0.9275 -0.9275 -0.0782762 -0.114131 -0.308561
-0.8925 -0.9275 -0.0560671 -0.102161 0.687069
-0.8575 -0.9275 -0.0346289 -0.0899412 0.483041
-0.8225 -0.9275 -0.0140084 -0.0774851 0.534675
-0.7875 -0.9275 0.00574552 -0.0648113 -0.158794
-0.7525 -0.9275 0.0245828 -0.0519419 -0.277288
-0.7175 -0.9275 0.0424519 -0.0389037 -1.0426
-0.6825 -0.9275 0.0593007 -0.0257288 1.1618
-0.6475 -0.9275 0.0750767 -0.0124549 0.231245
-0.6125 -0.9275 0.0897281 0.00087412 -0.734138
-0.5775 -0.9275 0.103204 0.0142079 1.84067
-0.5425 -0.9275 0.115456 0.0274888 0.0277052
0.2275 -0.9275 0.0928034 0.128201 -0.348845
0.2625 -0.9275 0.0870201 0.117474 1.7288
0.2975 -0.9275 0.082059 0.105442 -0.492788
0.3325 -0.9275 0.0780579 0.0922084 0.519815
0.3675 -0.9275 0.0751374 0.0778877 -0.886585
0.4025 -0.9275 0.0733993 0.0625993 0.0254616
0.4375 -0.9275 0.0729261 0.0464663 1.19304
0.4725 -0.9275 0.0737813 0.0296123 0.0977678
0.5075 -0.9275 0.0760099 0.0121586 0.229258
0.5425 -0.9275 0.0796398 -0.00577734 -0.38456
0.5775 -0.9275 0.084683 -0.0240843 1.88957
0.6125 -0.9275 0.0911374 -0.042658 0.371727
0.6475 -0.9275 0.0989889 -0.0614025 -1.39914
0.6825 -0.9275 0.108213 -0.0802306 0.00218128
0.7175 -0.9275 0.118776 -0.0990638 1.81261
-0.9975 -0.8925 -0.113449 -0.116276 -0.404337
-0.9625 -0.8925 -0.0895453 -0.104672 -1.60627
-0.9275 -0.8925 -0.0663303 -0.0927704 0.257267
-0.8925 -0.8925 -0.0438497 -0.0805779 0.292442
-0.8575 -0.8925 -0.0221517 -0.0681035 -0.599936
-0.8225 -0.8925 -0.00128665 -0.0553594 0.73284
-0.7875 -0.8925 0.0186927 -0.0423621 0.533678
-0.7525 -0.8925 0.0377316 -0.0291321 0.442378
-0.7175 -0.8925 0.0557735 -0.0156948 -0.316265
-0.6825 -0.8925 0.0727608 -0.00208136 -1.59056
-0.6475 -0.8925 0.0886347 0.0116712 -1.54702
-0.6125 -0.8925 0.103337 0.025519 1.5187
0.2275 -0.8925 0.0824284 0.160849 1.07159
0.2625 -0.8925 0.0752511 0.149403 -0.710866
0.2975 -0.8925 0.069002 0.136577 -0.487815
0.3325 -0.8925 0.0638302 0.122492 -0.137303
0.3675 -0.8925 0.0598643 0.107277 0.186681
0.4025 -0.8925 0.0572103 0.0910691 0.635301
0.4375 -0.8925 0.0559524 0.0740057 0.0336764
0.4725 -0.8925 0.0561523 0.0562247 0.405516
0.5075 -0.8925 0.0578512 0.0378605 0.626717
0.5425 -0.8925 0.0610708 0.0190412 0.552906
0.5775 -0.8925 0.0658158 -0.000112812 1.59763
0.6125 -0.8925 0.0720754 -0.0194901 -0.627544
0.6475 -0.8925 0.0798261 -0.0389891 0.406946
0.6825 -0.8925 0.0890336 -0.0585188 -0.378349
0.7175 -0.8925 0.0996551 -0.0779984 0.0207477
0.7525 -0.8925 0.111641 -0.0973575 -0.198812
-1.0675 -0.8575 -0.152261 -0.118496 0.829956
-1.0325 -0.8575 -0.126792 -0.1074 0.254842
-0.9975 -0.8575 -0.101927 -0.095978 0.0879192
-0.9625 -0.8575 -0.0777101 -0.0842277 0.374667
-0.9275 -0.8575 -0.0541854 -0.0721511 0.858478
-0.8925 -0.8575 -0.0314017 -0.0597523 -0.945805
-0.8575 -0.8575 -0.00941011 -0.0470379 1.0487
-0.8225 -0.8575 0.0117353 -0.0340182 -1.36505
-0.7875 -0.8575 0.0319777 -0.0207073 0.753742
-0.7525 -0.8575 0.0512577 -0.00712353 -0.711521
-0.7175 -0.8575 0.0695134 0.00670931 1.52336
-0.6825 -0.8575 0.086681 0.0207618 -0.610126
-0.6475 -0.8575 0.102695 0.0349979 1.25965
0.2275 -0.8575 0.0713392 0.193249 1.80934
0.2625 -0.8575 0.0626831 0.181005 -0.724899
0.2975 -0.8575 0.0550779 0.167302 0.767325
0.3325 -0.8575 0.0486851 0.152279 0.337866
0.3675 -0.8575 0.0436408 0.136086 -0.645895
0.4025 -0.8575 0.0400552 0.118877 -1.16405
0.4375 -0.8575 0.0380124 0.100808 0.819461
0.4725 -0.8575 0.0375711 0.0820329 -1.57026
0.5075 -0.8575 0.0387666 0.0626989 -0.990556
0.5425 -0.8575 0.0416127 0.0429462 0.621863
0.5775 -0.8575 0.0461043 0.0229047 0.533607
0.6125 -0.8575 0.0522202 0.00269283 -0.00457913
0.6475 -0.8575 0.0599256 -0.0175827 -0.0966026
0.6825 -0.8575 0.0691751 -0.0378275 -0.503914
0.7175 -0.8575 0.0799146 -0.0579592 0.532183
0.7525 -0.8575 0.0920841 -0.0779071 -1.28785
0.7875 -0.8575 0.105619 -0.0976111 0.328562
0.8225 -0.8575 0.120453 -0.117022 -0.413944
-1.0675 -0.8225 -0.141296 -0.0991083 -0.308716
-1.0325 -0.8225 -0.115489 -0.0879404 -1.45525
-0.9975 -0.8225 -0.0902835 -0.0764203 0.664495
-0.9625 -0.8225 -0.0657247 -0.0645452 -0.0273562
-0.9275 -0.8225 -0.0418599 -0.0523141 -0.982283
-0.8925 -0.8225 -0.01874 -0.0397284 -1.139
-0.8575 -0.8225 0.00358061 -0.0267923 0.489733
-0.8225 -0.8225 0.0250444 -0.0135131 -0.996961
-0.7875 -0.8225 0.0455902 9.77824e-05 -1.55652
-0.7525 -0.8225 0.0651539 0.0140244 0.903615
-0.7175 -0.8225 0.083668 0.0282455 1.31313
-0.6825 -0.8225 0.101062 0.0427338 0.051617
-0.6475 -0.8225 0.117264 0.0574549 -0.0972891
0.2975 -0.8225 0.0401962 0.197552 0.499049
0.3325 -0.8225 0.0325322 0.181496 -1.85458
0.3675 -0.8225 0.0263799 0.164231 0.347148
0.4025 -0.8225 0.0218524 0.145933 -0.588266
0.4375 -0.8225 0.0190321 0.126778 0.533034
0.4725 -0.8225 0.0179726 0.106936 0.640396
0.5075 -0.8225 0.0187009 0.0865713 -0.84038
0.5425 -0.8225 0.0212203 0.0658351 -0.0401489
0.5775 -0.8225 0.0255137 0.044867 0.12457
0.6125 -0.8225 0.0315469 0.0237924 -0.239486
0.6475 -0.8225 0.039272 0.0027225 0.428588
0.6825 -0.8225 0.0486302 -0.018246 -1.12306
0.7175 -0.8225 0.0595551 -0.0390299 -0.0189489
0.7525 -0.8225 0.0719745 -0.0595592 -0.682366
0.7875 -0.8225 0.0858132 -0.079776 -0.917062
0.8225 -0.8225 0.100994 -0.0996331 0.718657
0.8575 -0.8225 0.117441 -0.119093 -0.672761
-1.1025 -0.7875 -0.157007 -0.0912893 -0.520713
-1.0675 -0.7875 -0.130283 -0.0804443 1.80727
-1.0325 -0.7875 -0.104114 -0.069229 0.820183
-0.9975 -0.7875 -0.0785413 -0.0576367 0.0997752
-0.9625 -0.7875 -0.0536121 -0.0456619 -0.586668
-0.9275 -0.7875 -0.0293758 -0.0333007 0.224137
-0.8925 -0.7875 -0.00588559 -0.0205518 1.34218
-0.8575 -0.7875 0.0168012 -0.00741606 1.30572
-0.8225 -0.7875 0.0386234 0.00610213 -1.24519
-0.7875 -0.7875 0.0595157 0.0199946 -0.393162
-0.7525 -0.7875 0.0794088 0.0342487 0.767941
-0.7175 -0.7875 0.0982297 0.0488461 1.2297
0.3325 -0.7875 0.0152704 0.210055 0.304017
0.3675 -0.7875 0.00798543 0.191614 0.0371081
0.4025 -0.7875 0.0025133 0.17213 0.0818502
0.4375 -0.7875 -0.00106732 0.151802 -0.281938
0.4725 -0.7875 -0.0027109 0.130819 -0.59035
0.5075 -0.7875 -0.00240171 0.109362 1.20094
0.5425 -0.7875 -0.000149982 0.0875928 0.146073
0.5775 -0.7875 0.0040122 0.0656621 0.720377
0.6125 -0.7875 0.010035 0.0437009 -0.705991
0.6475 -0.7875 0.0178549 0.0218241 3.23948
0.6825 -0.7875 0.0273981 0.000129822 0.217464
0.7175 -0.7875 0.0385837 -0.0212995 0.0748142
0.7525 -0.7875 0.0513265 -0.0423958 -0.343729
0.7875 -0.7875 0.0655393 -0.0631043 1.9148
0.8225 -0.7875 0.0811345 -0.0833819 2.31932
0.8575 -0.7875 0.0980257 -0.103196 -0.4089
0.8925 -0.7875 0.116129 -0.122522 -0.185718
-1.1375 -0.7525 -0.173955 -0.0838323 0.753118
-1.1025 -0.7525 -0.146349 -0.0733725 -0.696832
-1.0675 -0.7525 -0.119248 -0.0625308 -1.17967
-1.0325 -0.7525 -0.092693 -0.0512968 -0.756051
-0.9975 -0.7525 -0.0667276 -0.0396611 -2.09911
-0.9625 -0.7525 -0.0413992 -0.0276154 -1.00232
-0.9275 -0.7525 -0.0167593 -0.0151529 2.38608
-0.8925 -0.7525 0.00713635 -0.00226864 -1.3113
-0.8575 -0.7525 0.0302278 0.0110397 0.38023
-0.8225 -0.7525 0.0524503 0.0247714 -1.67141
-0.7875 -0.7525 0.0737345 0.0389221 0.0664728
-0.7525 -0.7525 0.094006 0.0534828 0.187207
0.3325 -0.7525 -0.00321307 0.237852 -0.122521
0.3675 -0.7525 -0.0116483 0.21812 -0.528968
0.4025 -0.7525 -0.0180574 0.197346 1.33238
0.4375 -0.7525 -0.0223688 0.175753 -0.639174
0.4725 -0.7525 -0.0245486 0.153552 1.16773
0.5075 -0.7525 -0.0245962 0.130939 0.306827
0.5425 -0.7525 -0.022539 0.108091 0.556399
0.5775 -0.7525 -0.0184275 0.0851657 -0.997877
0.6125 -0.7525 -0.0123302 0.0623003 1.4319
0.6475 -0.7525 -0.00432894 0.0396115 0.875398
0.6825 -0.7525 0.00548524 0.0171972 0.925126
0.7175 -0.7525 0.0170155 -0.00486217 -0.373948
0.7525 -0.7525 0.0301623 -0.0265023 2.40568
0.7875 -0.7525 0.0448253 -0.0476731 0.152853
0.8225 -0.7525 0.0609059 -0.0683366 -0.44727
0.8575 -0.7525 0.0783078 -0.0884657 0.237292
0.8925 -0.7525 0.0969388 -0.108042 2.98808
-1.1375 -0.7175 -0.163711 -0.0666076 -1.23278
-1.1025 -0.7175 -0.135719 -0.0562012 0.261117
-1.0675 -0.7175 -0.108221 -0.0453942 -0.780973
-1.0325 -0.7175 -0.0812578 -0.0341736 0.0647591
-0.9975 -0.7175 -0.0548734 -0.0225272 -0.434421
-0.9625 -0.7175 -0.0291168 -0.0104436 -1.41843
-0.9275 -0.7175 -0.00404121 0.00208728 0.221064
-0.8925 -0.7175 0.0202958 0.015074 -0.580963
-0.8575 -0.7175 0.0438314 0.0285227 -0.00778741
-0.8225 -0.7175 0.0664978 0.0424369 0.91374
-0.7875 -0.7175 0.0882215 0.0568164 1.13384
0.3325 -0.7175 -0.0230442 0.264765 0.548383
0.3675 -0.7175 -0.032637 0.243614 1.90504
0.4025 -0.7175 -0.0399621 0.221435 -1.99304
0.4375 -0.7175 -0.0449591 0.19848 0.33151
0.4725 -0.7175 -0.0476104 0.174982 0.843003
0.5075 -0.7175 -0.0479353 0.151154 -0.0974913
0.5425 -0.7175 -0.0459829 0.127185 1.41392
0.5775 -0.7175 -0.0418262 0.103241 -1.0773
0.6125 -0.7175 -0.0355557 0.0794624 -2.01085
0.6475 -0.7175 -0.0272743 0.0559658 -0.891306
0.6825 -0.7175 -0.0170926 0.0328475 -0.120101
0.7175 -0.7175 -0.00512499 0.0101835 0.443115
0.7525 -0.7175 0.00851323 -0.0119672 -1.3099
0.7875 -0.7175 0.0237083 -0.0335608 -0.547283
0.8225 -0.7175 0.0403496 -0.0545664 0.846354
0.8575 -0.7175 0.0583313 -0.0749638 -0.193131
0.8925 -0.7175 0.0775526 -0.094742 -1.27888
0.9275 -0.7175 0.0979186 -0.113898 0.405222
0.9625 -0.7175 0.119341 -0.132433 1.41876
-1.1725 -0.6825 -0.182381 -0.060034 0.30918
-1.1375 -0.6825 -0.153545 -0.0501171 0.891568
-1.1025 -0.6825 -0.125151 -0.0397976 -2.6061
-1.0675 -0.6825 -0.0972364 -0.0290598 0.851678
-1.0325 -0.6825 -0.0698421 -0.0178882 0.302297
-0.9975 -0.6825 -0.0430135 -0.00626773 -1.52976
-0.9625 -0.6825 -0.0168004 0.00581638 -0.607963
-0.9275 -0.6825 0.00874311 0.0183778 -0.795175
-0.8925 -0.6825 0.0335574 0.0314288 -1.17088
-0.8575 -0.6825 0.0575775 0.0449801 0.41549
-0.8225 -0.6825 0.0807325 0.0590395 2.18613
-0.7875 -0.6825 0.102945 0.0736121 -1.57623
0.4025 -0.6825 -0.0633091 0.24423 0.0749224
0.4375 -0.6825 -0.0689266 0.219813 -1.19542
0.4725 -0.6825 -0.0719643 0.19494 0.637607
0.5075 -0.6825 -0.0724669 0.169841 -0.340995
0.5425 -0.6825 -0.0705107 0.144717 -0.34826
0.5775 -0.6825 -0.0661956 0.119739 0.208315
0.6125 -0.6825 -0.059638 0.0950483 0.312668
0.6475 -0.6825 -0.0509649 0.0707602 -0.665767
0.6825 -0.6825 -0.0403084 0.046966 0.440074
0.7175 -0.6825 -0.0278022 0.0237352 1.74478
0.7525 -0.6825 -0.0135783 0.00111918 1.39154
0.7875 -0.6825 0.00223539 -0.0208466 -0.55551
0.8225 -0.6825 0.0195164 -0.0421398 -0.193352
0.8575 -0.6825 0.038149 -0.0627486 -0.152222
0.8925 -0.6825 0.0580243 -0.0826704 0.969069
0.9275 -0.6825 0.0790412 -0.101909 0.720651
0.9625 -0.6825 0.101106 -0.120474 -1.30036
0.9975 -0.6825 0.124131 -0.13838 -0.543196
-1.1725 -0.6475 -0.172728 -0.0441583 -0.914556
-1.1375 -0.6475 -0.143492 -0.0343782 0.856621
-1.1025 -0.6475 -0.11468 -0.0241818 -0.26298
-1.0675 -0.6475 -0.0863301 -0.0135511 0.407889
-1.0325 -0.6475 -0.0584841 -0.00246797 2.86899
-0.9975 -0.6475 -0.0311873 0.00908594 0.272171
-0.9625 -0.6475 -0.00448986 0.0211286 -1.75559
-0.9275 -0.6475 0.0215529 0.0336775 0.233764
-0.8925 -0.6475 0.0468803 0.0467492 -0.9537
-0.8575 -0.6475 0.0714252 0.0603588 -0.26223
-0.8225 -0.6475 0.0951142 0.0745196 0.487727
-0.7875 -0.6475 0.117867 0.0892417 -0.187619
0.4025 -0.6475 -0.0882115 0.265532 -0.0717843
0.4375 -0.6475 -0.09436 0.239552 0.278294
0.4725 -0.6475 -0.0976742 0.21323 1.81097
0.5075 -0.6475 -0.0982315 0.186813 -0.612241
0.5425 -0.6475 -0.0961412 0.16051 -1.25071
0.5775 -0.6475 -0.0915355 0.134496 1.15767
0.6125 -0.6475 -0.0845607 0.108909 1.11726
0.6475 -0.6475 -0.0753707 0.0838608 -0.396899
0.6825 -0.6475 -0.0641216 0.0594338 -1.15479
0.7175 -0.6475 -0.0509675 0.0356885 0.389623
0.7525 -0.6475 -0.0360576 0.0126659 0.34453
0.7875 -0.6475 -0.0195345 -0.00960869 -0.587071
0.8225 -0.6475 -0.00153238 -0.0311234 -0.960366
0.8575 -0.6475 0.0178235 -0.0518764 0.572585
0.8925 -0.6475 0.0384168 -0.0718742 0.683913
0.9275 -0.6475 0.0601405 -0.0911296 1.15194
0.9625 -0.6475 0.0828961 -0.10966 -0.650861
0.9975 -0.6475 0.106594 -0.127487 1.20098
-1.1725 -0.6125 -0.163237 -0.0290121 -0.000239039
-1.1375 -0.6125 -0.133587 -0.0194061 -0.0837833
-1.1025 -0.6125 -0.104344 -0.00937212 -0.537499
-1.0675 -0.6125 -0.0755427 0.00111025 1.46176
-1.0325 -0.6125 -0.0472258 0.012062 -0.690796
-0.9975 -0.6125 -0.0194382 0.0235043 -0.799243
-0.9625 -0.6125 0.00776966 0.0354588 -2.33882
-0.9275 -0.6125 0.034342 0.0479468 -0.782318
-0.8925 -0.6125 0.0602172 0.0609894 0.698079
-0.8575 -0.6125 0.0853268 0.0746066 0.317414
-0.8225 -0.6125 0.109595 0.0888172 0.00763773
-0.7875 -0.6125 0.132939 0.103637 -0.26795
0.4375 -0.6125 -0.121345 0.257467 1.1518
0.4725 -0.6125 -0.124796 0.229631 -0.725275
0.5075 -0.6125 -0.125257 0.20186 0.774803
0.5425 -0.6125 -0.122879 0.174371 -0.0552906
0.5775 -0.6125 -0.11783 0.147335 -0.762411
0.6125 -0.6125 -0.110291 0.120887 -1.59242
0.6475 -0.6125 -0.100445 0.0951278 -1.3881
0.6825 -0.6125 -0.0884756 0.0701287 0.0449377
0.7175 -0.6125 -0.0745569 0.0459378 -0.23357
0.7525 -0.6125 -0.0588561 0.0225832 -0.0868676
0.7875 -0.6125 -0.0415299 7.71827e-05 0.787482
0.8225 -0.6125 -0.022724 -0.0215802 -0.599913
0.8575 -0.6125 -0.00257248 -0.0423988 1.73433
0.8925 -0.6125 0.0188017 -0.0623953 -0.920445
0.9275 -0.6125 0.0412864 -0.0815921 -0.746307
0.9625 -0.6125 0.0647798 -0.100015 -1.08377
0.9975 -0.6125 0.0891895 -0.117693 0.138093
1.0325 -0.6125 0.114432 -0.134655 1.18179
-1.1725 -0.5775 -0.153944 -0.0146056 -2.1833
-1.1375 -0.5775 -0.123872 -0.00521356 -0.992837
-1.1025 -0.5775 -0.0941847 0.0046159 -0.988218
-1.0675 -0.5775 -0.0649183 0.0149055 -0.0509375
-1.0325 -0.5775 -0.0361132 0.0256789 -0.618896
-0.9975 -0.5775 -0.00781443 0.0369604 0.451789
-0.9625 -0.5775 0.019928 0.0487751 -0.177869
-0.9275 -0.5775 0.0470584 0.0611483 0.460968
-0.8925 -0.5775 0.0735146 0.0741058 1.0135
-0.8575 -0.5775 0.0992275 0.0876727 -0.887966
-0.8225 -0.5775 0.12412 0.101874 -0.290649
0.4725 -0.5775 -0.153372 0.243892 -0.37002
0.5075 -0.5775 -0.153556 0.214751 0.246521
0.5425 -0.5775 -0.150709 0.186088 1.04373
0.5775 -0.5775 -0.145042 0.158069 0.364551
0.6125 -0.5775 -0.136775 0.130816 -1.41463
0.6475 -0.5775 -0.126123 0.104417 0.421862
0.6825 -0.5775 -0.113296 0.0789278 -0.452185
0.7175 -0.5775 -0.0984894 0.0543793 0.186921
0.7525 -0.5775 -0.0818892 0.0307841 2.05078
0.7875 -0.5775 -0.0636652 0.0081397 1.6701
0.8225 -0.5775 -0.0439732 -0.0135681 -0.297257
0.8575 -0.5775 -0.0229553 -0.0343617 0.970712
0.8925 -0.5775 -0.000739821 -0.0542695 1.79988
0.9275 -0.5775 0.0225571 -0.0733236 1.10926
0.9625 -0.5775 0.0468311 -0.0915592 -0.585915
0.9975 -0.5775 0.0719885 -0.109012 -0.529698
1.0325 -0.5775 0.097945 -0.12572 0.617363
-1.2075 -0.5425 -0.17572 -0.00966153 1.28181
-1.1725 -0.5425 -0.144889 -0.000946185 0.832869
-1.1375 -0.5425 -0.114388 0.00818971 -0.345223
-1.1025 -0.5425 -0.0842477 0.0177698 -1.35185
-1.0675 -0.5425 -0.0545041 0.027819 -1.71842
-1.0325 -0.5425 -0.0251965 0.0383635 -0.559966
-0.9975 -0.5425 0.00363121 0.0494306 0.717943
-0.9625 -0.5425 0.0319297 0.0610489 -1.0252
-0.9275 -0.5425 0.0596438 0.0732477 -0.612725
-0.8925 -0.5425 0.0867118 0.0860574 -0.108574
-0.8575 -0.5425 0.113064 0.0995086 -1.23874
-0.8225 -0.5425 0.138624 0.113632 -0.565328
0.5075 -0.5425 -0.183116 0.225231 -0.769973
0.5425 -0.5425 -0.179591 0.195435 0.65652
0.5775 -0.5425 -0.17311 0.166499 -0.819706
0.6125 -0.5425 -0.163935 0.138526 0.71367
0.6475 -0.5425 -0.152314 0.111585 0.224723
0.6825 -0.5425 -0.138485 0.0857099 -1.8533
0.7175 -0.5425 -0.122665 0.0609131 0.329425
0.7525 -0.5425 -0.105056 0.037188 -0.0868917
0.7875 -0.5425 -0.0858399 0.0145144 1.28063
0.8225 -0.5425 -0.0651819 -0.00713726 -2.29959
0.8575 -0.5425 -0.0432301 -0.0278034 -0.210981
0.8925 -0.5425 -0.0201171 -0.0475244 0.612025
0.9275 -0.5425 0.00403859 -0.0663432 2.42958
0.9625 -0.5425 0.0291314 -0.084304 0.309134
0.9975 -0.5425 0.0550673 -0.101451 0.153147
1.0325 -0.5425 0.0817626 -0.117827 -0.656121
-1.2075 -0.5075 -0.167356 0.0035492 -0.734966
-1.1725 -0.5075 -0.136115 0.011962 0.335371
-1.1375 -0.5075 -0.105179 0.0207974 0.46128
-1.1025 -0.5075 -0.0745803 0.0300807 1.32785
-1.0675 -0.5075 -0.044351 0.0398388 0.928571
-1.0325 -0.5075 -0.0145296 0.0501002 0.297357
-0.9975 -0.5075 0.0148414 0.0608953 0.534496
-0.9625 -0.5075 0.0437141 0.0722557 -1.11563
-0.9275 -0.5075 0.0720344 0.0842149 1.32369
-0.8925 -0.5075 0.0997415 0.0968077 1.00101
-0.8575 -0.5075 0.126767 0.11007 1.22291
-0.8225 -0.5075 0.153033 0.124039 -0.430128
0.5775 -0.5075 -0.201942 0.17242 0.731676
0.6125 -0.5075 -0.191664 0.143845 -0.407017
0.6475 -0.5075 -0.178904 0.116488 -1.40384
0.6825 -0.5075 -0.163923 0.0903595 -0.312958
0.7175 -0.5075 -0.146963 0.0654473 -0.482551
0.7525 -0.5075 -0.128236 0.0417228 -0.490846
0.7875 -0.5075 -0.107938 0.0191466 0.371078
0.8225 -0.5075 -0.0862388 -0.00232792 0.752142
0.8575 -0.5075 -0.0632912 -0.0227518 -0.0474516
0.8925 -0.5075 -0.0392303 -0.0421782 -0.753813
0.9275 -0.5075 -0.0141753 -0.0606608 0.384349
0.9625 -0.5075 0.0117684 -0.0782528 -0.932889
0.9975 -0.5075 0.0385077 -0.095006 -0.716808
1.0325 -0.5075 0.0659605 -0.11097 0.884353
-1.2425 -0.4725 -0.191221 0.00838049 -0.16596
-1.2075 -0.4725 -0.159315 0.0160514 0.529606
-1.1725 -0.4725 -0.127664 0.0241187 0.314677
-1.1375 -0.4725 -0.0962938 0.0326072 1.12321
-1.1025 -0.4725 -0.0652328 0.0415439 -0.974692
-1.0675 -0.4725 -0.0345128 0.0509574 -0.779967
-1.0325 -0.4725 -0.00417018 0.0608784 -1.31514
-0.9975 -0.4725 0.0257545 0.0713396 -0.207767
-0.9625 -0.4725 0.0552151 0.0823761 -0.233965
-0.9275 -0.4725 0.0841597 0.0940248 0.609128
-0.8925 -0.4725 0.112529 0.106325 0.319744
-0.8575 -0.4725 0.140256 0.119318 0.956653
-0.8225 -0.4725 0.167264 0.133047 0.896601
0.6475 -0.4725 -0.205745 0.118992 -1.04035
0.6825 -0.4725 -0.189465 0.0927714 1.30371
0.7175 -0.4725 -0.171239 0.0679012 2.1935
0.7525 -0.4725 -0.151293 0.0443289 -0.205872
0.7875 -0.4725 -0.129828 0.0219941 -0.531641
0.8225 -0.4725 -0.107019 0.000832117 -0.0662772
0.8575 -0.4725 -0.0830219 -0.0192232 -0.167091
0.8925 -0.4725 -0.0579707 -0.0382376 2.29353
0.9275 -0.4725 -0.0319838 -0.0562755 0.311117
0.9625 -0.4725 -0.00516478 -0.0733987 0.957695
0.9975 -0.4725 0.0223957 -0.0896663 -0.0774875
1.0325 -0.4725 0.0506181 -0.105134 0.0362599
1.0675 -0.4725 0.0794327 -0.119854 1.26703
1.1025 -0.4725 0.108778 -0.133876 -0.857245
1.1375 -0.4725 0.1386 -0.147244 -0.92901
-1.2425 -0.4375 -0.183927 0.0205634 -0.306263
-1.2075 -0.4375 -0.15164 0.02785 0.610677
-1.1725 -0.4375 -0.119583 0.0355273 -0.741679
-1.1375 -0.4375 -0.08778 0.0436211 -1.34014
-1.1025 -0.4375 -0.0562579 0.0521594 -1.04868
-1.0675 -0.4375 -0.0250465 0.0611724 -0.908375
-1.0325 -0.4375 0.00582048 0.0706925 1.64888
-0.9975 -0.4375 0.0363045 0.0807547 -0.0567711
-0.9625 -0.4375 0.0663621 0.0913967 0.175141
-0.9275 -0.4375 0.0959436 0.102659 -0.215
-0.8925 -0.4375 0.124992 0.114585 0.279785
-0.8575 -0.4375 0.153444 0.12722 -1.36592
0.6825 -0.4375 -0.214936 0.0928558 -0.780399
0.7175 -0.4375 -0.195326 0.068211 2.15855
0.7525 -0.4375 -0.174067 0.0449635 -0.884873
0.7875 -0.4375 -0.151361 0.0230309 -1.26178
0.8225 -0.4375 -0.127386 0.0023304 1.1578
0.8575 -0.4375 -0.102295 -0.0172192 -1.48678
0.8925 -0.4375 -0.0762215 -0.0356959 0.525602
0.9275 -0.4375 -0.0492797 -0.053174 0.139781
0.9625 -0.4375 -0.0215699 -0.0697236 0.301426
0.9975 -0.4375 0.00682101 -0.0854099 -0.784943
1.0325 -0.4375 0.0358174 -0.100294 -1.05963
1.0675 -0.4375 0.0653534 -0.114432 0.820793
1.1025 -0.4375 0.0953712 -0.127877 -2.19585
1.1375 -0.4375 0.125821 -0.140676 -0.0303384
-1.2775 -0.4025 -0.209883 0.0255904 1.6197
-1.2425 -0.4025 -0.177035 0.0320936 0.674358
-1.2075 -0.4025 -0.144374 0.038954 -0.736239
-1.1725 -0.4025 -0.111918 0.0461959 0.132984
-1.1375 -0.4025 -0.0796884 0.0538458 -0.728267
-1.1025 -0.4025 -0.0477104 0.0619325 0.583968
-1.0675 -0.4025 -0.0160111 0.070487 0.949187
-1.0325 -0.4025 0.0153782 0.0795433 0.126507
-0.9975 -0.4025 0.046422 0.0891381 -0.172793
-0.9625 -0.4025 0.0770796 0.0993114 1.19302
-0.9275 -0.4025 0.107305 0.110106 -0.766886
-0.8925 -0.4025 0.137044 0.12157 0.432845
-0.8575 -0.4025 0.166236 0.133753 0.876777
0.8225 -0.4025 -0.147191 0.00217258 -1.13431
0.8575 -0.4025 -0.120976 -0.0167249 0.820398
0.8925 -0.4025 -0.0938594 -0.0345312 2.6698
0.9275 -0.4025 -0.0659509 -0.0513296 0.539163
0.9625 -0.4025 -0.0373452 -0.0671969 -0.400993
0.9975 -0.4025 -0.00812402 -0.082204 -0.68342
1.0325 -0.4025 0.0216421 -0.0964158 0.886472
1.0675 -0.4025 0.051892 -0.109892 1.23788
1.1025 -0.4025 0.0825726 -0.122687 0.0585378
1.1375 -0.4025 0.113637 -0.134851 -1.09692
-1.2775 -0.3675 -0.203772 0.036937 1.23833
-1.2425 -0.3675 -0.170585 0.0429847 -1.40597
-1.2075 -0.3675 -0.137561 0.0493767 -0.313449
-1.1725 -0.3675 -0.104716 0.0561374 -0.27383
-1.1375 -0.3675 -0.0720708 0.0632935 -0.966005
-1.1025 -0.3675 -0.0396465 0.070874 0.432241
-1.0675 -0.3675 -0.00746806 0.0789107 -1.75073
-1.0325 -0.3675 0.0244362 0.0874384 -0.228805
-0.9975 -0.3675 0.0560341 0.0964949 0.539528
-0.9625 -0.3675 0.0872883 0.106122 1.90772
-0.9275 -0.3675 0.118156 0.116365 1.78705
-0.8925 -0.3675 0.148589 0.127273 -1.62575
0.8575 -0.3675 -0.138922 -0.0177067 0.859803
0.8925 -0.3675 -0.110756 -0.0347051 0.416724
0.9275 -0.3675 -0.0818819 -0.0507005 -0.227158
0.9625 -0.3675 -0.0523868 -0.0657752 1.05412
0.9975 -0.3675 -0.0223459 -0.0800041 1.32387
1.0325 -0.3675 0.00817637 -0.093455 -0.384751
1.0675 -0.3675 0.0391245 -0.10619 -1.89954
1.1025 -0.3675 0.0704504 -0.118264 0.55314
1.1375 -0.3675 0.102113 -0.129728 0.660279
-1.2775 -0.3325 -0.198129 0.0477011 -0.310561
-1.2425 -0.3325 -0.164617 0.0532547 0.151569
-1.2075 -0.3325 -0.131244 0.0591361 -0.385751
-1.1725 -0.3325 -0.0980262 0.0653696 -0.789043
-1.1375 -0.3325 -0.0649795 0.0719816 -0.532825
-1.1025 -0.3325 -0.0321234 0.0790011 0.0987646
-1.0675 -0.3325 0.000520146 0.0864598 0.503784
-1.0325 -0.3325 0.0329261 0.0943928 -0.245334
-0.9975 -0.3325 0.0650657 0.102838 -0.419335
-0.9625 -0.3325 0.0969057 0.111839 0.292175
-0.9275 -0.3325 0.128408 0.121442 -1.85562
0.8925 -0.3325 -0.126781 -0.0361608 1.18108
0.9275 -0.3325 -0.0969558 -0.051229 1.53003
0.9625 -0.3325 -0.0665904 -0.0654008 0.734822
0.9975 -0.3325 -0.0357514 -0.0787534 -0.103837
1.0325 -0.3325 -0.0044964 -0.091356 -2.07052
1.0675 -0.3325 0.0271255 -0.103271 0.242437
1.1025 -0.3325 0.0590718 -0.114555 -1.04615
1.1375 -0.3325 0.0913061 -0.125257 -0.303469
-1.2775 -0.2975 -0.19299 0.0579042 -0.700028
-1.2425 -0.2975 -0.159171 0.0629255 -0.110983
-1.2075 -0.2975 -0.125468 0.0682549 -0.210585
-1.1725 -0.2975 -0.0918957 0.0739158 1.41358
-1.1375 -0.2975 -0.0584669 0.0799338 1.2364
-1.1025 -0.2975 -0.0251986 0.0863374 -1.1771
-1.0675 -0.2975 0.00789031 0.0931579 -0.0549033
-1.0325 -0.2975 0.0407782 0.10043 0.753566
-0.9975 -0.2975 0.0734402 0.108191 1.46905
-0.9625 -0.2975 0.105847 0.116485 -0.0171059
0.9975 -0.2975 -0.0482493 -0.0783827 2.76844
1.0325 -0.2975 -0.0162951 -0.0900527 0.82154
1.0675 -0.2975 0.0159671 -0.101073 0.292371
1.1025 -0.2975 0.0485011 -0.1115 1.12902
1.1375 -0.2975 0.0812756 -0.121381 1.23759
-1.2775 -0.2625 -0.188392 0.0675719 -0.22585
-1.2425 -0.2625 -0.154286 0.072024 -2.63129
-1.2075 -0.2625 -0.120276 0.0767608 -0.717177
-1.1725 -0.2625 -0.0863718 0.0818045 -0.463118
-1.1375 -0.2625 -0.0525849 0.0871797 0.156624
-1.1025 -0.2625 -0.0189292 0.0929136 -0.571853
-1.0675 -0.2625 0.0145795 0.0990363 -1.01454
-1.0325 -0.2625 0.047923 0.105581 1.20346
-0.9975 -0.2625 0.0810804 0.112585 -2.56501
-0.9625 -0.2625 0.114027 0.120091 0.55815
0.9975 -0.2625 -0.0597521 -0.0788108 0.941445
1.0325 -0.2625 -0.0271426 -0.0894682 0.781722
1.0675 -0.2625 0.00571774 -0.0995241 -0.00369962
1.1025 -0.2625 0.0387988 -0.109031 -0.884061
1.1375 -0.2625 0.0720749 -0.118037 0.645227
-1.2775 -0.2275 -0.184368 0.0767337 1.11056
-1.2425 -0.2275 -0.150001 0.0805812 1.14487
-1.2075 -0.2275 -0.115709 0.0846864 -1.471
-1.1725 -0.2275 -0.0815003 0.0890702 0.780242
-1.1375 -0.2275 -0.0473839 0.0937553 0.500183
-1.1025 -0.2275 -0.013371 0.0987672 0.0825745
-1.0675 -0.2275 0.0205258 0.104134 -0.687781
-1.0325 -0.2275 0.0542917 0.109888 0.135613
-0.9975 -0.2275 0.0879099 0.116063 -0.0822646
-0.9625 -0.2275 0.121361 0.1227 -0.651391
0.9975 -0.2275 -0.0701779 -0.0799443 0.78313
1.0325 -0.2275 -0.036967 -0.0895159 0.683704
1.0675 -0.2275 -0.00355934 -0.0985428 -1.18568
1.1025 -0.2275 0.030021 -0.107074 0.0416942
1.1375 -0.2275 0.0637535 -0.115153 -0.0613588
1.1725 -0.2275 0.0976207 -0.122819 -1.46452
-1.2775 -0.1925 -0.180952 0.0854232 0.93271
-1.2425 -0.1925 -0.146352 0.0886325 0.475094
-1.2075 -0.1925 -0.111807 0.0920695 0.114473
-1.1725 -0.1925 -0.0773252 0.0957526 0.208003
-1.1375 -0.1925 -0.0429125 0.0997028 -1.82078
-1.1025 -0.1925 -0.00857767 0.103943 0.373103
-1.0675 -0.1925 0.0256695 0.108499 -0.219536
-1.0325 -0.1925 0.059818 0.1134 -1.50554
-0.9975 -0.1925 0.0938546 0.118678 -0.247924
-0.9625 -0.1925 0.127764 0.124369 1.43166
0.9975 -0.1925 -0.0794527 -0.081679 -0.686723
1.0325 -0.1925 -0.0457035 -0.0900996 -1.50946
1.0675 -0.1925 -0.0118074 -0.0980407 -0.0476642
1.1025 -0.1925 0.0222174 -0.105546 -0.435017
1.1375 -0.1925 0.0563554 -0.112656 -0.0370465
1.1725 -0.1925 0.0905934 -0.119404 0.956732
-1.2775 -0.1575 -0.178175 0.0936777 0.166586
-1.2425 -0.1575 -0.143372 0.0962179 1.15075
-1.2075 -0.1575 -0.108608 0.0989524 -0.374174
-1.1725 -0.1575 -0.0738875 0.101897 -0.405692
-1.1375 -0.1575 -0.0392162 0.105071 1.76539
-1.1025 -0.1575 -0.00460001 0.108493 0.234543
-1.0675 -0.1575 0.0299543 0.112186 1.75764
-1.0325 -0.1575 0.0644386 0.116177 -0.444023
-0.9975 -0.1575 0.0988436 0.120492 -0.0449529
-0.9625 -0.1575 0.133158 0.125166 -0.175197
0.9975 -0.1575 -0.0875114 -0.0839011 -0.24335
1.0325 -0.1575 -0.0532957 -0.0911151 -0.107503
1.0675 -0.1575 -0.0189772 -0.097922 -1.98714
1.1025 -0.1575 0.015431 -0.10436 -0.533615
1.1375 -0.1575 0.0499183 -0.110463 -0.231209
1.1725 -0.1575 0.0844751 -0.116261 -0.190293
1.2075 -0.1575 0.119094 -0.12178 -0.218591
-1.2775 -0.1225 -0.176065 0.101538 1.45245
-1.2425 -0.1225 -0.141092 0.103381 0.328687
-1.2075 -0.1225 -0.106145 0.105382 0.895594
-1.1725 -0.1225 -0.0712252 0.107555 0.192767
-1.1375 -0.1225 -0.0363373 0.109914 -0.450986
-1.1025 -0.1225 -0.00148478 0.112476 0.0922653
-1.0675 -0.1225 0.0333278 0.115259 -1.91377
-1.0325 -0.1225 0.0680951 0.118286 -0.0552095
-0.9975 -0.1225 0.102811 0.121581 -0.656837
-0.9625 -0.1225 0.137469 0.125169 -0.909213
0.9975 -0.1225 -0.0943001 -0.0864881 0.800951
1.0325 -0.1225 -0.0596971 -0.0924511 -0.292908
1.0675 -0.1225 -0.0250286 -0.0980856 0.485975
1.1025 -0.1225 0.00969696 -0.103423 0.265219
1.1375 -0.1225 0.0444727 -0.108491 0.470409
1.1725 -0.1225 0.0792927 -0.113314 -1.05557
1.2075 -0.1225 0.114152 -0.117912 0.448017
-1.2775 -0.0875 -0.174647 0.10905 -0.837098
-1.2425 -0.0875 -0.139541 0.110171 1.19163
-1.2075 -0.0875 -0.104449 0.111411 0.683212
-1.1725 -0.0875 -0.0693722 0.112781 -0.974193
-1.1375 -0.0875 -0.0343132 0.114292 -0.290548
-1.1025 -0.0875 0.000726031 0.115956 0.779302
-1.0675 -0.0875 0.035743 0.117789 -0.0675306
-1.0325 -0.0875 0.0707348 0.119806 0.274379
-0.9975 -0.0875 0.105698 0.122026 0.560953
-0.9625 -0.0875 0.140628 0.12447 -1.08693
1.0325 -0.0875 -0.064872 -0.0939912 0.598168
1.0675 -0.0875 -0.0299309 -0.0984256 1.79444
1.1025 -0.0875 0.00504165 -0.102639 0.884978
1.1375 -0.0875 0.0400417 -0.106651 -1.732
1.1725 -0.0875 0.075066 -0.110481 0.520013
1.2075 -0.0875 0.110112 -0.114144 0.456402
1.2425 -0.0875 0.145176 -0.117655 0.262741
-1.2775 -0.0525 -0.173942 0.116259 -0.165137
-1.2425 -0.0525 -0.138741 0.116638 -1.73312
-1.2075 -0.0525 -0.103546 0.117094 -0.255935
-1.1725 -0.0525 -0.0683578 0.117636 -0.521628
-1.1375 -0.0525 -0.0331767 0.11827 -1.73797
-1.1025 -0.0525 0.00199609 0.119005 -1.20017
-1.0675 -0.0525 0.0371594 0.119852 -0.559526
-1.0325 -0.0525 0.0723121 0.12082 1.49535
-0.9975 -0.0525 0.107453 0.121922 1.51211
-0.9625 -0.0525 0.142579 0.123172 0.909272
1.0325 -0.0525 -0.0687969 -0.0956153 0.790172
1.0675 -0.0525 -0.0336638 -0.0988335 -0.548535
1.1025 -0.0525 0.0014824 -0.101908 0.30611
1.1375 -0.0525 0.03664 -0.104853 -0.466626
1.1725 -0.0525 0.0718078 -0.10768 -1.38505
1.2075 -0.0525 0.106984 -0.1104 0.263722
1.2425 -0.0525 0.142169 -0.113021 -0.213828
-1.2775 -0.0175 -0.17397 0.123218 0.223145
-1.2425 -0.0175 -0.138714 0.122836 1.09145
-1.2075 -0.0175 -0.103459 0.122491 -0.309402
-1.1725 -0.0175 -0.0682062 0.122184 -0.592974
-1.1375 -0.0175 -0.0329545 0.121919 -0.368864
-1.1025 -0.0175 0.00229548 0.1217 0.962209
-1.0675 -0.0175 0.0375435 0.121532 -1.59477
-1.0325 -0.0175 0.0727894 0.121419 -1.12652
-0.9975 -0.0175 0.108033 0.121368 -0.921244
1.0325 -0.0175 -0.0714602 -0.0972019 0.423823
1.0675 -0.0175 -0.0362179 -0.0991995 1.26834
1.1025 -0.0175 -0.000973038 -0.101133 -0.596278
1.1375 -0.0175 0.0342742 -0.103008 1.62186
1.1725 -0.0175 0.0695234 -0.10483 0.46522
1.2075 -0.0175 0.104774 -0.106605 0.698149
1.2425 -0.0175 0.140027 -0.108335 -1.15228
-1.2775 0.0175 -0.174743 0.129977 0.0675088
-1.2425 0.0175 -0.139474 0.128824 0.640319
-1.2075 0.0175 -0.104205 0.127662 2.05225
-1.1725 0.0175 -0.068936 0.126492 0.982778
-1.1375 0.0175 -0.0336673 0.125312 0.958734
-1.1025 0.0175 0.00160134 0.124121 -0.183392
-1.0675 0.0175 0.0368699 0.122918 -0.424761
-1.0325 0.0175 0.0721383 0.121702 -0.412098
-0.9975 0.0175 0.107407 0.120473 -1.69057
1.0675 0.0175 -0.037595 -0.0994141 0.091099
1.1025 0.0175 -0.00232659 -0.100213 0.0290841
1.1375 0.0175 0.0329419 -0.101025 -1.1948
1.1725 0.0175 0.0682105 -0.101849 0.233245
1.2075 0.0175 0.103479 -0.102684 0.271269
1.2425 0.0175 0.138748 -0.103529 -0.363664
-1.2775 0.0525 -0.176271 0.136593 -0.1241
-1.2425 0.0525 -0.141031 0.13466 0.559127
-1.2075 0.0525 -0.105794 0.132674 0.333173
-1.1725 0.0525 -0.0705599 0.130631 -0.663571
-1.1375 0.0525 -0.0353289 0.128525 0.0883845
-1.1025 0.0525 -0.000101553 0.126351 -0.266489
-1.0675 0.0525 0.0351217 0.124102 0.318556
-1.0325 0.0525 0.0703402 0.121771 -0.434481
-0.9975 0.0525 0.105553 0.119348 0.227386
1.0675 0.0525 -0.0378076 -0.0993704 2.45883
1.1025 0.0525 -0.00258977 -0.0990518 0.305016
1.1375 0.0525 0.0326328 -0.098816 -0.705346
1.1725 0.0525 0.0678596 -0.0986557 -0.14604
1.2075 0.0525 0.10309 -0.098564 -0.549147
1.2425 0.0525 0.138324 -0.0985352 -0.197559
-1.2775 0.0875 -0.17856 0.143121 1.39491
-1.2425 0.0875 -0.143392 0.140405 -0.83201
-1.2075 0.0875 -0.108233 0.137592 0.914346
-1.1725 0.0875 -0.0730842 0.134673 -0.441788
-1.1375 0.0875 -0.0379461 0.131639 1.0683
-1.1025 0.0875 -0.00282049 0.128479 -0.188802
-1.0675 0.0875 0.032291 0.12518 0.0265137
-1.0325 0.0875 0.0673865 0.121729 0.558932
-0.9975 0.0875 0.102464 0.118111 -0.798164
1.1025 0.0875 -0.00178334 -0.0975554 0.489713
1.1375 0.0875 0.0333281 -0.0962958 -0.997984
1.1725 0.0875 0.0684537 -0.0951725 -0.846636
1.2075 0.0875 0.103592 -0.0941736 1.36098
1.2425 0.0875 0.138741 -0.0932886 -0.146259
-1.2775 0.1225 -0.181611 0.149618 -0.744356
-1.2425 0.1225 -0.146557 0.146121 0.299602
-1.2075 0.1225 -0.111523 0.142483 0.395709
-1.1725 0.1225 -0.0765087 0.138691 -0.934823
-1.1375 0.1225 -0.0415184 0.134732 -1.07541
-1.1025 0.1225 -0.00655457 0.13059 0.854752
-1.0675 0.1225 0.0283795 0.126247 -0.364063
-1.0325 0.1225 0.0632796 0.121685 0.376961
-0.9975 0.1225 0.0981413 0.116879 -1.09744
1.0675 0.1225 -0.0348417 -0.098099 -0.0198772
1.1025 0.1225 6.32152e-05 -0.0956345 -0.809275
1.1375 0.1225 0.0350014 -0.0933828 -0.395598
1.1725 0.1225 0.069969 -0.0913251 0.465411
1.2075 0.1225 0.104963 -0.0894447 -0.314738
1.2425 0.1225 0.139979 -0.0877266 -1.55718
-1.2775 0.1575 -0.185418 0.156141 1.12306
-1.2425 0.1575 -0.150521 0.15187 0.11804
-1.2075 0.1575 -0.115656 0.147415 -0.544409
-1.1725 0.1575 -0.0808271 0.142759 0.558651
-1.1375 0.1575 -0.0460383 0.137885 1.2832
-1.1025 0.1575 -0.0112947 0.132774 -0.602546
-1.0675 0.1575 0.0233977 0.127401 -0.417644
-1.0325 0.1575 0.0580323 0.121743 0.32753
-0.9975 0.1575 0.0926009 0.115769 0.871271
1.0675 0.1575 -0.0317385 -0.0966815 -0.183525
1.1025 0.1575 0.0029124 -0.0932056 -0.579483
1.1375 0.1575 0.0376193 -0.0900008 0.886309
1.1725 0.1575 0.0723756 -0.0870435 0.0821017
1.2075 0.1575 0.107176 -0.0843127 -0.819033
1.2425 0.1575 0.142015 -0.0817896 0.797107
-1.2775 0.1925 -0.189974 0.162746 -0.892377
-1.2425 0.1925 -0.155274 0.157712 0.592393
-1.2075 0.1925 -0.120623 0.152453 0.639601
-1.1725 0.1925 -0.0860264 0.146949 -0.576066
-1.1375 0.1925 -0.0514907 0.141178 -1.10498
-1.1025 0.1925 -0.0170238 0.135116 0.00776623
-1.0675 0.1925 0.0173657 0.128736 -0.285446
-1.0325 0.1925 0.0516675 0.122008 0.358945
-0.9975 0.1925 0.0858696 0.114898 -1.52497
1.0675 0.1925 -0.0276193 -0.0946283 1.52357
1.1025 0.1925 0.0067196 -0.0901916 1.23609
1.1375 0.1925 0.0411418 -0.086079 -0.898349
1.1725 0.1925 0.0756377 -0.0822626 0.389565
1.2075 0.1925 0.110199 -0.0787178 0.0996656
1.2425 0.1925 0.144819 -0.0754225 -1.15431
-1.2775 0.2275 -0.195267 0.16949 1.8619
-1.2425 0.2275 -0.160802 0.163709 -1.01121
-1.2075 0.2275 -0.126407 0.157664 -1.86004
-1.1725 0.2275 -0.0920876 0.151332 0.314577
-1.1375 0.2275 -0.0578542 0.144687 0.344328
-1.1025 0.2275 -0.023717 0.137702 -1.05562
-1.0675 0.2275 0.0103119 0.130345 1.47644
-1.0325 0.2275 0.0442182 0.122583 1.43511
-0.9975 0.2275 0.0779855 0.114375 -0.685443
-0.9625 0.2275 0.111595 0.105677 0.899321
1.0675 0.2275 -0.022541 -0.0918637 2.41727
1.1025 0.2275 0.0114341 -0.086523 -0.296779
1.1375 0.2275 0.0455236 -0.0815531 -0.0739043
1.1725 0.2275 0.0797147 -0.0769229 -1.63683
1.2075 0.2275 0.113996 -0.0726048 -0.490165
1.2425 0.2275 0.148358 -0.068574 0.720168
-1.2775 0.2625 -0.201277 0.176426 -1.24106
-1.2425 0.2625 -0.167086 0.16992 -0.463829
-1.2075 0.2625 -0.132985 0.163111 -2.06952
-1.1725 0.2625 -0.098986 0.155977 -0.229061
-1.1375 0.2625 -0.0651005 0.148487 -0.928743
-1.1025 0.2625 -0.0313422 0.140612 0.0743283
-1.0675 0.2625 0.00227281 0.132317 -0.981694
-1.0325 0.2625 0.0357263 0.123563 0.7406
-0.9975 0.2625 0.0689967 0.114307 0.977724
-0.9625 0.2625 0.102059 0.1045 1.35105
1.0675 0.2625 -0.0165662 -0.0883214 0.631573
1.1025 0.2625 0.017 -0.0821379 -1.71495
1.1375 0.2625 0.0507148 -0.0763656 0.293357
1.1725 0.2625 0.0845617 -0.0709709 -0.724064
1.2075 0.2625 0.118526 -0.0659239 -0.096518
1.2425 0.2625 0.152596 -0.0611976 -0.200027
-1.2775 0.2975 -0.207985 0.183607 -0.103301
-1.2425 0.2975 -0.1741 0.176399 0.91727
-1.2075 0.2975 -0.140331 0.168856 0.415122
-1.1725 0.2975 -0.106691 0.160949 -1.65033
-1.1375 0.2975 -0.0731955 0.15265 -0.370645
-1.1025 0.2975 -0.039861 0.143924 -0.401683
-1.0675 0.2975 -0.00670759 0.134734 1.04237
-1.0325 0.2975 0.0262418 0.12504 0.236663
-0.9975 0.2975 0.0589606 0.114794 0.239593
-0.9625 0.2975 0.0914178 0.103944 -0.298217
-0.9275 0.2975 0.123577 0.0924325 -0.907178
-0.8925 0.2975 0.155397 0.0801937 -1.06188
1.0325 0.2975 -0.0426726 -0.0913896 -0.703654
1.0675 0.2975 -0.0097616 -0.0839444 0.81715
1.1025 0.2975 0.0233577 -0.076983 0.995333
1.1375 0.2975 0.0566618 -0.0704664 0.311288
1.1725 0.2975 0.0901303 -0.0643596 -0.778674
1.2075 0.2975 0.123746 -0.058631 1.87032
-1.2425 0.3325 -0.181819 0.183202 -0.00951197
-1.2075 0.3325 -0.148414 0.174955 2.03617
-1.1725 0.3325 -0.115169 0.166312 1.8495
-1.1375 0.3325 -0.0821 0.157242 -0.418614
-1.1025 0.3325 -0.0492288 0.14771 0.337309
-1.0675 0.3325 -0.016579 0.137676 -1.24118
-1.0325 0.3325 0.0158218 0.127097 0.863595
-0.9975 0.3325 0.047942 0.115924 0.601118
-0.9625 0.3325 0.0797446 0.104105 0.833253
-0.9275 0.3325 0.111187 0.0915781 0.703892
-0.8925 0.3325 0.142218 0.0782771 1.27692
-0.8575 0.3325 0.17278 0.0641267 1.10641
0.9275 0.3325 -0.12992 -0.114953 -1.02605
0.9625 0.3325 -0.09849 -0.104952 0.405212
0.9975 0.3325 -0.0666985 -0.0956084 0.0461929
1.0325 0.3325 -0.0345885 -0.0868692 -0.763846
1.0675 0.3325 -0.00219688 -0.0786855 -2.19978
1.1025 0.3325 0.0304445 -0.0710132 0.969215
1.1375 0.3325 0.063308 -0.0638128 1.33107
1.1725 0.3325 0.0963698 -0.0570484 -1.80919
1.2075 0.3325 0.129609 -0.0506875 1.00557
-1.2425 0.3675 -0.190209 0.190379 -0.802907
-1.2075 0.3675 -0.157199 0.181462 -0.840676
-1.1725 0.3675 -0.124379 0.172122 -0.685382
-1.1375 0.3675 -0.0917699 0.162325 0.604188
-1.1025 0.3675 -0.0593962 0.152035 -0.721858
-1.0675 0.3675 -0.0272859 0.141212 0.97978
-1.0325 0.3675 0.00452925 0.12981 1.50121
-0.9975 0.3675 0.0360122 0.117781 0.365648
-0.9625 0.3675 0.0671205 0.10507 -0.965499
-0.9275 0.3675 0.0978048 0.0916175 -0.0953608
-0.8925 0.3675 0.128008 0.0773556 -1.43073
-0.8575 0.3675 0.157662 0.0622106 -0.264636
-0.8225 0.3675 0.186689 0.0461001 0.847422
0.9275 0.3675 -0.119197 -0.111541 -0.756387
0.9625 0.3675 -0.0884636 -0.100821 -1.62746
0.9975 0.3675 -0.0573122 -0.0907755 -1.65603
1.0325 0.3675 -0.0257916 -0.0813534 -1.48547
1.0675 0.3675 0.00605662 -0.0725067 -0.367949
1.1025 0.3675 0.0381962 -0.0641918 -0.968688
1.1375 0.3675 0.0705956 -0.0563693 -0.0649388
1.1725 0.3675 0.103228 -0.0490033 0.855222
1.2075 0.3675 0.136068 -0.0420609 -0.609376
-1.2425 0.4025 -0.199237 0.197977 2.18695
-1.2075 0.4025 -0.166647 0.188429 0.6047
-1.1725 0.4025 -0.134279 0.178433 -1.77307
-1.1375 0.4025 -0.102157 0.167956 -0.748091
-1.1025 0.4025 -0.0703098 0.156961 0.0837356
-1.0675 0.4025 -0.038768 0.145406 -0.376786
-1.0325 0.4025 -0.00756842 0.133248 0.0611197
-0.9975 0.4025 0.0232473 0.120436 -0.875857
-0.9625 0.4025 0.0536314 0.106916 0.625145
-0.9275 0.4025 0.0835284 0.0926304 0.908259
-0.8925 0.4025 0.112875 0.0775129 -1.6255
-0.8575 0.4025 0.141596 0.0614922 -2.01167
-0.8225 0.4025 0.169605 0.0444899 0.288677
-0.7875 0.4025 0.196803 0.0264205 0.0527946
-0.7525 0.4025 0.223071 0.00719064 1.02558
0.9275 0.4025 -0.107801 -0.106829 -0.700709
0.9625 0.4025 -0.0777748 -0.0954905 -0.00338046
0.9975 0.4025 -0.0472772 -0.0848355 -1.94905
1.0325 0.4025 -0.0163613 -0.0748138 -0.660276
1.0675 0.4025 0.014927 -0.0653795 -0.389219
1.1025 0.4025 0.0465476 -0.0564904 1.28754
1.1375 0.4025 0.0784654 -0.0481079 -1.68006
1.1725 0.4025 0.11065 -0.0401967 -0.404948
1.2075 0.4025 0.143074 -0.0327243 -1.51054
-1.2075 0.4375 -0.176718 0.195899 -0.379273
-1.1725 0.4375 -0.144824 0.185293 -0.323999
-1.1375 0.4375 -0.113212 0.174186 0.0415318
-1.1025 0.4375 -0.0819127 0.16254 0.699462
-1.0675 0.4375 -0.0509622 0.150315 -1.03859
-1.0325 0.4375 -0.0204004 0.137468 1.21855
-0.9975 0.4375 0.00972661 0.123949 -0.4808
-0.9625 0.4375 0.0393662 0.109706 -0.081655
-0.9275 0.4375 0.0684578 0.0946827 -0.957911
-0.8925 0.4375 0.096932 0.0788164 -0.0969778
-0.8575 0.4375 0.124709 0.0620399 0.558955
-0.8225 0.4375 0.151695 0.0442804 0.190055
-0.7875 0.4375 0.177784 0.0254596 -1.4874
-0.7525 0.4375 0.202851 0.00549383 -0.324333
0.8925 0.4375 -0.124567 -0.113394 0.998408
0.9275 0.4375 -0.0958364 -0.100805 1.04605
0.9625 0.4375 -0.066519 -0.0889473 0.759094
0.9975 0.4375 -0.03668 -0.0777719 -0.894669
1.0325 0.4375 -0.00637603 -0.0672319 -0.428509
1.0675 0.4375 0.0243431 -0.057284 -0.832044
1.1025 0.4375 0.0554339 -0.0478882 -0.424204
1.1375 0.4375 0.0868584 -0.0390073 0.0206133
1.1725 0.4375 0.118583 -0.0306073 -0.0148252
1.2075 0.4375 0.150578 -0.0226565 0.1719
-1.2075 0.4725 -0.187367 0.203915 1.33767
-1.1725 0.4725 -0.155965 0.192745 -0.934366
-1.1375 0.4725 -0.12488 0.181058 0.994123
-1.1025 0.4725 -0.0941461 0.168819 -0.537093
-1.0675 0.4725 -0.0638029 0.155987 -0.295869
-1.0325 0.4725 -0.0338939 0.142521 -0.221514
-0.9975 0.4725 -0.00446882 0.128372 -1.48221
-0.9625 0.4725 0.0244154 0.113492 -0.221576
-0.9275 0.4725 0.0526939 0.0978267 -1.24018
-0.8925 0.4725 0.0802925 0.081318 -1.21699
-0.8575 0.4725 0.107127 0.0639041 -0.918083
-0.8225 0.4725 0.133099 0.0455191 -0.533144
-0.7875 0.4725 0.158097 0.0260935 0.691972
-0.7525 0.4725 0.181993 0.00555424 -0.639625
-0.7175 0.4725 0.204639 -0.0161737 1.51614
0.8225 0.4725 -0.165109 -0.134823 -0.675702
0.8575 0.4725 -0.138648 -0.12024 0.628921
0.8925 0.4725 -0.111383 -0.106473 0.939193
0.9275 0.4725 -0.0834038 -0.0934713 -1.04064
0.9625 0.4725 -0.0547879 -0.0811881 1.04036
0.9975 0.4725 -0.0256041 -0.0695779 -0.620644
1.0325 0.4725 0.0040877 -0.0585981 0.814223
1.0675 0.4725 0.034235 -0.0482086 0.974003
1.1025 0.4725 0.0647913 -0.0383719 0.656499
1.1375 0.4725 0.095716 -0.0290532 0.443091
1.1725 0.4725 0.126973 -0.0202198 -0.0900052
-1.1725 0.5075 -0.167652 0.200825 -0.882654
-1.1375 0.5075 -0.137106 0.188612 -0.00883534
-1.1025 0.5075 -0.10695 0.175837 0.56005
-1.0675 0.5075 -0.0772235 0.162462 2.08154
-1.0325 0.5075 -0.0479751 0.148447 0.779921
-0.9975 0.5075 -0.0192573 0.133746 -1.45429
-0.9625 0.5075 0.00886935 0.118315 -0.322027
-0.9275 0.5075 0.0363367 0.102102 0.362881
-0.8925 0.5075 0.0630672 0.0850548 0.677985
-0.8575 0.5075 0.0889725 0.0671185 0.437676
-0.8225 0.5075 0.113952 0.0482345 -0.193797
-0.7875 0.5075 0.137892 0.0283431 -2.44401
-0.7525 0.5075 0.160662 0.00738308 1.19553
-0.7175 0.5075 0.182114 -0.0147064 0.728504
-0.6825 0.5075 0.20208 -0.0379842 0.607866
-0.6475 0.5075 0.22037 -0.0625048 -0.0471732
-0.6125 0.5075 0.236767 -0.0883148 2.60854
-0.5775 0.5075 0.25103 -0.115448 0.246612
0.8225 0.5075 -0.149975 -0.127053 1.77716
0.8575 0.5075 -0.124336 -0.112216 -0.429819
0.8925 0.5075 -0.097847 -0.0981595 -0.212476
0.9275 0.5075 -0.0705977 -0.0848413 -0.414004
0.9625 0.5075 -0.0426684 -0.0722201 -0.419585
0.9975 0.5075 -0.0141297 -0.0602561 0.652618
1.0325 0.5075 0.0149565 -0.0489112 -1.44045
1.0675 0.5075 0.0445351 -0.0381491 0.0857989
1.1025 0.5075 0.0745577 -0.0279352 -1.13242
1.1375 0.5075 0.104981 -0.0182372 -0.0753139
1.1725 0.5075 0.135767 -0.00902462 0.0236283
-1.1375 0.5425 -0.149837 0.19688 0.318756
-1.1025 0.5425 -0.120262 0.183627 -1.931
-1.0675 0.5425 -0.0911572 0.169773 -1.21223
-1.0325 0.5425 -0.0625705 0.155278 0.430837
-0.9975 0.5425 -0.0345581 0.140103 -1.47755
-0.9625 0.5425 -0.00718296 0.124203 0.0313145
-0.9275 0.5425 0.0194842 0.107534 0.852445
-0.8925 0.5425 0.0453633 0.0900498 -0.190162
-0.8575 0.5425 0.0703642 0.0717007 0.16596
-0.8225 0.5425 0.0943851 0.0524376 0.0837474
-0.7875 0.5425 0.117311 0.0322104 1.13902
-0.7525 0.5425 0.139012 0.0109704 1.18266
-0.7175 0.5425 0.159343 -0.0113292 0.0677154
-0.6825 0.5425 0.17814 -0.0347303 -1.59133
-0.6475 0.5425 0.195219 -0.0592678 -1.35435
-0.6125 0.5425 0.210378 -0.0849657 -2.57867
-0.5775 0.5425 0.22339 -0.111833 -0.613682
0.7875 0.5425 -0.158528 -0.133494 -1.01217
0.8225 0.5425 -0.13466 -0.117729 1.58035
0.8575 0.5425 -0.109801 -0.102737 0.299253
0.8925 0.5425 -0.0840523 -0.0884846 0.231737
0.9275 0.5425 -0.0575059 -0.0749367 -1.14835
0.9625 0.5425 -0.030242 -0.0620589 1.88121
0.9975 0.5425 -0.00233208 -0.049817 -1.08213
1.0325 0.5425 0.0261604 -0.0381774 -1.40771
1.0675 0.5425 0.0551788 -0.027108 2.52762
1.1025 0.5425 0.0846732 -0.0165777 -0.0393762
1.1375 0.5425 0.114599 -0.00655675 -0.761104
-1.1375 0.5775 -0.163015 0.205887 1.51029
-1.1025 0.5775 -0.134024 0.192215 0.630203
-1.0675 0.5775 -0.105538 0.177944 -0.264493
-1.0325 0.5775 -0.0776078 0.163039 2.05294
-0.9975 0.5775 -0.0502922 0.147462 0.400728
-0.9625 0.5775 -0.0236554 0.131176 -0.16955
-0.9275 0.5775 0.00223013 0.11414 1.85196
-0.8925 0.5775 0.0272831 0.0963131 -0.589546
-0.8575 0.5775 0.0514127 0.0776547 0.594839
-0.8225 0.5775 0.0745171 0.0581238 0.244168
-0.7875 0.5775 0.0964824 0.0376806 -0.0596354
-0.7525 0.5775 0.117182 0.0162882 0.398685
-0.7175 0.5775 0.136473 -0.00608608 0.0339411
-0.6825 0.5775 0.1542 -0.0294685 -0.97907
-0.6475 0.5775 0.17019 -0.0538758 0.77034
-0.6125 0.5775 0.184251 -0.079312 1.79051
-0.5775 0.5775 0.19618 -0.105764 1.49315
0.7875 0.5775 -0.142367 -0.122687 0.85092
0.8225 0.5775 -0.119259 -0.10691 2.67252
0.8575 0.5775 -0.0951317 -0.0918507 -0.465024
0.8925 0.5775 -0.0700851 -0.0774856 -0.279758
0.9275 0.5775 -0.0442091 -0.0637873 1.39343
0.9625 0.5775 -0.0175841 -0.0507275 -0.380599
0.9975 0.5775 0.00971818 -0.0382777 -1.77547
1.0325 0.5775 0.0376337 -0.0264092 -0.0304631
1.0675 0.5775 0.066105 -0.015094 -0.726759
1.1025 0.5775 0.0950808 -0.00430457 0.607517
1.1375 0.5775 0.124515 0.00598566 -0.983086
-1.1025 0.6125 -0.148174 0.20162 0.660164
-1.0675 0.6125 -0.1203 0.186994 0.160923
-1.0325 0.6125 -0.0930167 0.171744 0.747496
-0.9975 0.6125 -0.0663832 0.155839 -0.957645
-0.9625 0.6125 -0.0404653 0.139243 -0.0982053
-0.9275 0.6125 -0.0153361 0.121923 -0.679451
-0.8925 0.6125 0.00892293 0.103844 -1.26818
-0.8575 0.6125 0.0322214 0.0849719 -0.933122
-0.8225 0.6125 0.054459 0.0652755 0.138037
-0.7875 0.6125 0.0755243 0.0447247 -0.765594
-0.7525 0.6125 0.0952945 0.0232941 -1.75587
-0.7175 0.6125 0.113634 0.000963896 1.75304
-0.6825 0.6125 0.130395 -0.0222775 -0.0492659
-0.6475 0.6125 0.145416 -0.0464308 -0.89973
-0.6125 0.6125 0.158523 -0.0714825 0.848377
-0.5775 0.6125 0.169529 -0.0974009 1.18633
0.7525 0.6125 -0.147528 -0.126755 -0.621618
0.7875 0.6125 -0.126266 -0.110369 -0.936998
0.8225 0.6125 -0.103858 -0.0946581 0.234313
0.8575 0.6125 -0.0804107 -0.0796095 0.342381
0.8925 0.6125 -0.0560224 -0.0652064 -1.7017
0.9275 0.6125 -0.0307804 -0.0514287 -0.991823
0.9625 0.6125 -0.00476397 -0.0382547 -0.616101
0.9975 0.6125 0.0219559 -0.0256612 -1.60641
1.0325 0.6125 0.0493151 -0.0136246 1.37313
1.0675 0.6125 0.077256 -0.00212082 -1.26611
1.1025 0.6125 0.105727 0.00887386 0.137365
-1.0675 0.6475 -0.135382 0.196933 0.317543
-1.0325 0.6475 -0.10873 0.181403 -0.960282
-0.9975 0.6475 -0.0827586 0.165237 -1.23613
-0.9625 0.6475 -0.0575347 0.148405 0.966869
-0.9275 0.6475 -0.033131 0.130878 0.290283
-0.8925 0.6475 -0.00962808 0.11263 0.256877
-0.8575 0.6475 0.0128852 0.093633 0.328319
-0.8225 0.6475 0.0343109 0.0738638 -1.50675
-0.7875 0.6475 0.0545417 0.0533024 2.41009
-0.7525 0.6475 0.0734601 0.0319339 0.644532
-0.7175 0.6475 0.0909383 0.00975048 0.986383
-0.6825 0.6475 0.106838 -0.0132464 -0.751653
-0.6475 0.6475 0.121011 -0.0370436 0.194296
-0.6125 0.6475 0.133299 -0.0616129 -0.0748286
-0.5775 0.6475 0.143536 -0.0869079 0.632251
-0.5425 0.6475 0.151552 -0.11286 -0.356122
0.7525 0.6475 -0.130914 -0.112806 -0.842687
0.7875 0.6475 -0.110297 -0.0966194 -0.733087
0.8225 0.6475 -0.0885274 -0.0810428 -1.29002
0.8575 0.6475 -0.0657083 -0.0660713 -0.376542
0.8925 0.6475 -0.0419327 -0.0516953 0.0701158
0.9275 0.6475 -0.0172857 -0.0379016 0.77579
0.9625 0.6475 0.00815564 -0.0246742 -1.01956
0.9975 0.6475 0.0343213 -0.0119954 1.31161
1.0325 0.6475 0.061148 0.00015385 -0.250947
1.0675 0.6475 0.0885784 0.0117934 -0.619422
1.1025 0.6475 0.116561 0.0229433 -0.123853
-1.0675 0.6825 -0.150723 0.207766 1.3538
-1.0325 0.6825 -0.124683 0.192016 0.37554
-0.9975 0.6825 -0.0993498 0.175653 1.13093
-0.9625 0.6825 -0.0747906 0.158654 0.207449
-0.9275 0.6825 -0.051077 0.140994 0.0195314
-0.8925 0.6825 -0.028288 0.122652 -1.26129
-0.8575 0.6825 -0.00651015 0.10361 1.4302
-0.8225 0.6825 0.0141624 0.0838508 -0.320931
-0.7875 0.6825 0.0336271 0.0633641 0.263025
-0.7525 0.6825 0.0517729 0.0421447 -0.766282
-0.7175 0.6825 0.0684806 0.0201954 2.18987
-0.6825 0.6825 0.0836225 -0.00247118 -1.16703
-0.6475 0.6825 0.0970638 -0.02583 0.674662
-0.6125 0.6825 0.108663 -0.049841 -1.10137
-0.5775 0.6825 0.118275 -0.0744461 0.478168
-0.5425 0.6825 0.125752 -0.0995659 0.122078
-0.5075 0.6825 0.13095 -0.125096 -0.619184
-0.4725 0.6825 0.133729 -0.150905 -1.14132
0.7175 0.6825 -0.133348 -0.113919 -0.491696
0.7525 0.6825 -0.114563 -0.0974508 0.24139
0.7875 0.6825 -0.0945221 -0.0815192 0.901766
0.8225 0.6825 -0.073331 -0.0661336 0.429573
0.8575 0.6825 -0.051086 -0.0512963 0.312373
0.8925 0.6825 -0.0278763 -0.0370042 0.473077
0.9275 0.6825 -0.00378332 -0.02325 -0.456129
0.9625 0.6825 0.0211182 -0.0100235 -0.854284
0.9975 0.6825 0.0467603 0.00268824 0.256165
1.0325 0.6825 0.0730807 0.0148997 0.310346
1.0675 0.6825 0.100023 0.0266266 -0.389132
1.1025 0.6825 0.127535 0.0378856 -0.890941
-1.0325 0.7175 -0.140815 0.20358 0.519818
-0.9975 0.7175 -0.116093 0.187081 -0.787081
-0.9625 0.7175 -0.0921653 0.169977 -0.1982
-0.9275 0.7175 -0.0691031 0.152249 1.06452
-0.8925 0.7175 -0.0469828 0.133884 0.535607
-0.8575 0.7175 -0.0258876 0.114867 2.71344
-0.8225 0.7175 -0.00590742 0.0951915 -0.0808694
-0.7875 0.7175 0.0128608 0.0748538 0.552839
-0.7525 0.7175 0.0303135 0.0538576 -0.465923
-0.7175 0.7175 0.0463401 0.0322152 0.917811
-0.6825 0.7175 0.0608245 0.00994862 -0.867282
-0.6475 0.7175 0.0736451 -0.0129073 8.78257e-05
-0.6125 0.7175 0.0846772 -0.0363033 0.0353409
-0.5775 0.7175 0.0937942 -0.0601725 0.252887
-0.5425 0.7175 0.100871 -0.0844285 1.01167
-0.5075 0.7175 0.105788 -0.108962 1.07405
-0.4725 0.7175 0.108435 -0.133639 0.706908
-0.4375 0.7175 0.108716 -0.1583 -1.16203
-0.4025 0.7175 0.106558 -0.182756 2.22075
0.6825 0.7175 -0.133763 -0.113429 0.520751
0.7175 0.7175 -0.116815 -0.096882 1.8194
0.7525 0.7175 -0.0985236 -0.080781 0.0407909
0.7875 0.7175 -0.0789931 -0.0651491 0.927663
0.8225 0.7175 -0.0583206 -0.0500014 -1.05797
0.8575 0.7175 -0.0365967 -0.0353464 0.179926
0.8925 0.7175 -0.0139056 -0.0211867 -0.266421
0.9275 0.7175 0.00967506 -0.00752058 -0.247368
0.9625 0.7175 0.0340735 0.00565737 1.18329
0.9975 0.7175 0.059224 0.0183553 -0.736468
1.0325 0.7175 0.0850661 0.0305835 0.189367
1.0675 0.7175 0.111544 0.042354 1.21542
1.1025 0.7175 0.138608 0.0536799 0.467767
-0.9975 0.7525 -0.132928 0.199505 0.432963
-0.9625 0.7525 -0.109597 0.182354 1.07324
-0.9275 0.7525 -0.0871449 0.164619 1.08199
-0.8925 0.7525 -0.0656459 0.146291 1.92341
-0.8575 0.7525 -0.0451792 0.127364 -1.2888
-0.8225 0.7525 -0.0258297 0.107835 1.26927
-0.7875 0.7525 -0.00768827 0.0877101 0.575959
-0.7525 0.7525 0.00914911 0.0669995 0.698767
-0.7175 0.7525 0.0245814 0.0457235 0.411977
-0.6825 0.7525 0.0385037 0.0239122 -0.26559
-0.6475 0.7525 0.0508077 0.0016081 -1.31059
-0.6125 0.7525 0.0613842 -0.0211324 1.61154
-0.5775 0.7525 0.0701248 -0.0442366 0.869132
-0.5425 0.7525 0.0769246 -0.0676136 -0.52694
-0.5075 0.7525 0.0816859 -0.0911523 -2.29255
-0.4725 0.7525 0.0843225 -0.11472 -1.02988
-0.4375 0.7525 0.0847643 -0.138161 0.721557
-0.4025 0.7525 0.0829631 -0.161298 0.800112
-0.3675 0.7525 0.0788982 -0.18393 0.859223
-0.3325 0.7525 0.0725825 -0.205837 0.594546
-0.2975 0.7525 0.0640682 -0.226783 -0.325175
0.6125 0.7525 -0.146024 -0.12779 -0.942697
0.6475 0.7525 -0.132396 -0.111083 0.62938
0.6825 0.7525 -0.117254 -0.0946655 -1.6454
0.7175 0.7525 -0.100701 -0.0785868 1.22184
0.7525 0.7525 -0.0828347 -0.0628848 -0.721849
0.7875 0.7525 -0.0637511 -0.0475879 0.651935
0.8225 0.7525 -0.0435397 -0.0327164 -0.769334
0.8575 0.7525 -0.0222848 -0.0182838 0.353413
0.8925 0.7525 -6.55454e-05 -0.00429778 1.76947
0.9275 0.7525 0.0230446 0.00923865 -0.131556
0.9625 0.7525 0.0469772 0.0223263 0.718268
0.9975 0.7525 0.0716691 0.0349692 -0.0645384
1.0325 0.7525 0.0970618 0.0471738 0.793017
1.0675 0.7525 0.123102 0.0589483 0.72943
1.1025 0.7525 0.149739 0.0703027 -2.09817
-0.9625 0.7875 -0.127029 0.195761 1.51331
-0.9275 0.7875 -0.105145 0.178073 -1.42797
-0.8925 0.7875 -0.0842185 0.159837 0.543106
-0.8575 0.7875 -0.0643255 0.141054 -0.281975
-0.8225 0.7875 -0.0455454 0.121728 -0.148799
-0.7875 0.7875 -0.0279625 0.101869 -0.936282
-0.7525 0.7875 -0.0116648 0.0814952 0.178051
-0.7175 0.7875 0.00325597 0.0606333 -0.355238
-0.6825 0.7875 0.0167058 0.0393198 -0.501193
-0.6475 0.7875 0.0285895 0.017603 -0.369045
-0.6125 0.7875 0.0388123 -0.00445567 0.517989
-0.5775 0.7875 0.0472824 -0.0267795 0.855155
-0.5425 0.7875 0.053913 -0.0492757 0.221144
-0.5075 0.7875 0.0586261 -0.0718334 2.36349
-0.4725 0.7875 0.0613561 -0.0943232 1.88002
-0.4375 0.7875 0.0620538 -0.116597 0.921349
-0.4025 0.7875 0.0606914 -0.138487 -0.628747
-0.3675 0.7875 0.0572667 -0.159808 0.158347
-0.3325 0.7875 0.0518085 -0.180362 -0.141557
-0.2975 0.7875 0.0443801 -0.199938 0.668686
-0.2625 0.7875 0.0350833 -0.218318 -0.0126326
-0.2275 0.7875 0.0240601 -0.235286 -1.62734
0.5775 0.7875 -0.141372 -0.122912 0.0243464
0.6125 0.7875 -0.12952 -0.10667 0.519358
0.6475 0.7875 -0.116118 -0.0905855 -0.495564
0.6825 0.7875 -0.101257 -0.0747206 0.244791
0.7175 0.7875 -0.0850299 -0.0591274 0.144651
0.7525 0.7875 -0.0675251 -0.0438473 1.64163
0.7875 0.7875 -0.0488289 -0.0289125 1.39332
0.8225 0.7875 -0.0290236 -0.0143476 -0.940945
0.8575 0.7875 -0.00818758 -0.000170216 -0.552677
0.8925 0.7875 0.0136055 0.0136077 0.783051
0.9275 0.7875 0.0362864 0.0269789 0.277468
0.9625 0.7875 0.0597903 0.0399403 0.195951
0.9975 0.7875 0.0840569 0.0524921 0.620698
1.0325 0.7875 0.10903 0.0646371 -0.27612
1.0675 0.7875 0.134658 0.0763804 0.0399383
-0.9275 0.8225 -0.123051 0.192576 0.27525
-0.8925 0.8225 -0.102649 0.174481 0.523344
-0.8575 0.8225 -0.0832754 0.15589 0.614882
-0.8225 0.8225 -0.0650045 0.136812 0.0680687
-0.7875 0.8225 -0.0479138 0.117264 -0.478335
-0.7525 0.8225 -0.0320837 0.0972687 -1.85555
-0.7175 0.8225 -0.0175965 0.0768581 0.567894
-0.6825 0.8225 -0.00453558 0.0560737 -1.22191
-0.6475 0.8225 0.00701591 0.0349682 -1.12976
-0.6125 0.8225 0.0169769 0.0136065 0.282675
-0.5775 0.8225 0.0252702 -0.0079329 -1.80169
-0.5425 0.8225 0.0318255 -0.0295568 1.03187
-0.5075 0.8225 0.0365818 -0.0511564 -0.804848
-0.4725 0.8225 0.0394908 -0.0726072 -0.971564
-0.4375 0.8225 0.0405208 -0.0937685 0.0521253
-0.4025 0.8225 0.03966 -0.114485 0.974106
-0.3675 0.8225 0.0369208 -0.134587 0.676081
-0.3325 0.8225 0.0323432 -0.153894 -0.00600556
-0.2975 0.8225 0.0259978 -0.172219 1.9429
-0.2625 0.8225 0.0179882 -0.18937 0.451364
-0.2275 0.8225 0.00845234 -0.205159 1.51018
-0.1925 0.8225 -0.00243771 -0.219405 0.739381
0.5425 0.8225 -0.135637 -0.115604 -1.28179
0.5775 0.8225 -0.125434 -0.100025 1.25814
0.6125 0.8225 -0.113671 -0.0844644 0.138515
0.6475 0.8225 -0.100427 -0.0689979 -0.849274
0.6825 0.8225 -0.0857831 -0.0536893 0.883047
0.7175 0.8225 -0.0698195 -0.0385919 -0.148457
0.7525 0.8225 -0.0526164 -0.0237493 0.703342
0.7875 0.8225 -0.0342518 -0.00919678 0.638249
0.8225 0.8225 -0.0148008 0.00503798 0.761654
0.8575 0.8225 0.00566447 0.0189338 -0.0206435
0.8925 0.8225 0.0270755 0.0324752 -0.637378
0.9275 0.8225 0.0493675 0.0456514 -1.15904
0.9625 0.8225 0.0724794 0.0584558 -0.521599
0.9975 0.8225 0.096354 0.0708851 -1.7588
1.0325 0.8225 0.120938 0.0829391 -0.328956
1.0675 0.8225 0.14618 0.0946199 0.745442
-0.8925 0.8575 -0.120893 0.190179 1.60899
-0.8575 0.8575 -0.101985 0.171821 -0.306454
-0.8225 0.8575 -0.0841653 0.153031 0.960169
-0.7875 0.8575 -0.0675036 0.133829 1.00661
-0.7525 0.8575 -0.0520728 0.114245 -0.182315
-0.7175 0.8575 -0.0379463 0.0943134 0.159125
-0.6825 0.8575 -0.0251975 0.07408 -1.34901
-0.6475 0.8575 -0.0138982 0.0536002 0.554963
-0.6125 0.8575 -0.00411713 0.032941 -0.495345
-0.5775 0.8575 0.00408202 0.0121814 1.11691
-0.5425 0.8575 0.010643 -0.00858665 0.479152
-0.5075 0.8575 0.0155194 -0.0292576 -1.12515
-0.4725 0.8575 0.0186777 -0.0497126 0.772988
-0.4375 0.8575 0.0201003 -0.0698196 -0.43248
-0.4025 0.8575 0.0197883 -0.0894345 0.128754
-0.3675 0.8575 0.0177649 -0.108403 -0.530841
-0.3325 0.8575 0.0140781 -0.126562 -0.875134
-0.2975 0.8575 0.00880252 -0.143745 -1.46496
-0.2625 0.8575 0.00204161 -0.159783 0.00672867
-0.2275 0.8575 -0.00607232 -0.174511 0.209131
-0.1925 0.8575 -0.0153784 -0.187775 0.226153
-0.1575 0.8575 -0.0256892 -0.199431 -0.581837
-0.1225 0.8575 -0.0367937 -0.209355 0.247098
0.5075 0.8575 -0.12916 -0.105773 -0.329102
0.5425 0.8575 -0.12045 -0.09103 -0.115184
0.5775 0.8575 -0.110198 -0.0761679 0.277876
0.6125 0.8575 -0.0984658 -0.0612714 1.12364
0.6475 0.8575 -0.0853216 -0.0464143 -0.447555
0.6825 0.8575 -0.0708356 -0.0316601 0.734108
0.7175 0.8575 -0.0550792 -0.0170627 1.30897
0.7525 0.8575 -0.0381236 -0.0026673 0.945347
0.7875 0.8575 -0.0200388 0.011489 -0.13414
0.8225 0.8575 -0.000893372 0.0253759 -0.675123
0.8575 0.8575 0.0192467 0.0389695 -1.09636
0.8925 0.8575 0.040318 0.0522514 0.712966
0.9275 0.8575 0.0622601 0.0652078 0.0437697
0.9625 0.8575 0.0850158 0.0778291 -0.869538
0.9975 0.8575 0.108531 0.0901092 1.39967
1.0325 0.8575 0.132755 0.102045 0.427706
-0.8925 0.8925 -0.138912 0.206887 0.56288
-0.8575 0.8925 -0.120419 0.188795 0.60442
-0.8225 0.8925 -0.102994 0.170324 -0.749941
-0.7875 0.8925 -0.0867011 0.151498 -0.0580002
-0.7525 0.8925 -0.0716056 0.13235 0.0600664
-0.7175 0.8925 -0.0577725 0.112917 2.17104
-0.6825 0.8925 -0.0452656 0.0932486 -1.88431
-0.6475 0.8925 -0.0341465 0.0734011 1.36364
-0.6125 0.8925 -0.0244727 0.0534425 0.918269
-0.5775 0.8925 -0.0162959 0.033451 0.448988
-0.5425 0.8925 -0.00966017 0.0135166 0.983404
-0.5075 0.8925 -0.00459929 -0.00625942 0.118337
-0.4725 0.8925 -0.00113463 -0.0257646 1.85959
-0.4375 0.8925 0.000727531 -0.0448755 -0.924672
-0.4025 0.8925 0.000998462 -0.0634593 -1.0489
-0.3675 0.8925 -0.000290622 -0.0813753 -1.48119
-0.3325 0.8925 -0.00308651 -0.0984773 0.329078
-0.2975 0.8925 -0.0073124 -0.114616 1.01778
-0.2625 0.8925 -0.012867 -0.129643 -1.22916
-0.2275 0.8925 -0.0196243 -0.143416 -1.38631
-0.1925 0.8925 -0.0274344 -0.155798 0.63757
-0.1575 0.8925 -0.0361255 -0.166668 -0.417523
-0.1225 0.8925 -0.0455064 -0.175921 -0.0844691
-0.0875 0.8925 -0.0553706 -0.183471 0.84194
-0.0525 0.8925 -0.0655004 -0.189259 0.485359
0.4725 0.8925 -0.122279 -0.0933799 0.289949
0.5075 0.8925 -0.114886 -0.0796192 -0.625141
0.5425 0.8925 -0.105991 -0.0656069 -1.11128
0.5775 0.8925 -0.095641 -0.0514339 -0.23465
0.6125 0.8925 -0.0838893 -0.0371814 -0.356216
0.6475 0.8925 -0.0707934 -0.0229209 -0.0212518
0.6825 0.8925 -0.056414 -0.00871474 1.72552
0.7175 0.8925 -0.0408137 0.00538312 -1.94342
0.7525 0.8925 -0.0240558 0.0193269 0.454432
0.7875 0.8925 -0.00620328 0.0330779 -1.50923
0.8225 0.8925 0.012682 0.0466043 0.622611
0.8575 0.8925 0.0325396 0.05988 0.174554
0.8925 0.8925 0.0533113 0.0728842 1.55792
0.9275 0.8925 0.0749409 0.0856007 0.799922
0.9625 0.8925 0.097375 0.0980174 -1.27359
-0.8575 0.9275 -0.138546 0.20676 -0.878027
-0.8225 0.9275 -0.121463 0.188634 2.08113
-0.7875 0.9275 -0.105483 0.170207 -0.169487
-0.7525 0.9275 -0.0906632 0.151512 -2.67451
-0.7175 0.9275 -0.0770616 0.132592 1.51856
-0.6825 0.9275 -0.0647332 0.113495 1.47075
-0.6475 0.9275 -0.0537299 0.0942793 -0.452292
-0.6125 0.9275 -0.0440994 0.0750132 0.722345
-0.5775 0.9275 -0.0358828 0.0557732 1.07503
-0.5425 0.9275 -0.0291136 0.0366461 1.69893
-0.5075 0.9275 -0.0238151 0.0177284 1.71776
-0.4725 0.9275 -0.0199985 -0.000873849 -0.547933
-0.4375 0.9275 -0.017661 -0.0190461 -0.803985
-0.4025 0.9275 -0.0167836 -0.0366662 -0.591994
-0.3675 0.9275 -0.0173292 -0.0536062 1.29911
-0.3325 0.9275 -0.0192414 -0.0697346 0.791323
-0.2975 0.9275 -0.0224429 -0.0849185 -0.135347
-0.2625 0.9275 -0.0268356 -0.0990272 -0.21747
-0.2275 0.9275 -0.0323002 -0.111935 0.152345
-0.1925 0.9275 -0.0386974 -0.123524 -0.92064
-0.1575 0.9275 -0.0458696 -0.13369 -0.265607
-0.1225 0.9275 -0.0536435 -0.142343 -0.743792
-0.0875 0.9275 -0.0618331 -0.14941 -0.862064
-0.0525 0.9275 -0.0702437 -0.154841 -0.958806
-0.0175 0.9275 -0.0786764 -0.158606 0.405282
0.0175 0.9275 -0.0869318 -0.160698 -1.40692
0.0525 0.9275 -0.0948153 -0.161134 -0.22303
0.0875 0.9275 -0.102141 -0.159951 0.126119
0.1225 0.9275 -0.108734 -0.157207 -0.243625
0.1575 0.9275 -0.114437 -0.152979 1.52476
0.1925 0.9275 -0.119108 -0.147358 0.878127
0.4025 0.9275 -0.12013 -0.0906233 -0.00644336
0.4375 0.9275 -0.115318 -0.078437 -0.99274
0.4725 0.9275 -0.109049 -0.0657745 -1.09477
0.5075 0.9275 -0.101341 -0.0527375 -0.216728
0.5425 0.9275 -0.0922256 -0.0394198 0.395264
0.5775 0.9275 -0.0817385 -0.0259068 -2.55131
0.6125 0.9275 -0.0699241 -0.012276 1.25914
0.6475 0.9275 -0.0568314 0.00140377 -0.95495
0.6825 0.9275 -0.0425128 0.0150716 -0.621048
0.7175 0.9275 -0.027023 0.0286743 0.944326
0.7525 0.9275 -0.0104179 0.0421659 -1.08741
0.7875 0.9275 0.00724611 0.0555071 1.12822
0.8225 0.9275 0.0259132 0.0686648 0.820133
0.8575 0.9275 0.0455285 0.0816112 -1.22186
0.8925 0.9275 0.0660383 0.0943237 0.778302
0.9275 0.9275 0.087391 0.106784 1.76405
-0.7875 0.9625 -0.123831 0.189892 0.637514
-0.7525 0.9625 -0.109233 0.171663 -0.59857
-0.7175 0.9625 -0.0958065 0.153262 -1.37792
-0.6825 0.9625 -0.0835993 0.134738 -0.629308
-0.6475 0.9625 -0.0726548 0.116149 0.258237
-0.6125 0.9625 -0.0630116 0.0975634 -0.408351
-0.5775 0.9625 -0.0547019 0.0790542 1.05038
-0.5425 0.9625 -0.04775 0.0607051 -0.00715529
-0.5075 0.9625 -0.0421703 0.0426077 0.540243
-0.4725 0.9625 -0.0379658 0.0248613 -0.502138
-0.4375 0.9625 -0.0351266 0.00757197 0.996879
-0.4025 0.9625 -0.0336276 -0.00914825 1.76792
-0.3675 0.9625 -0.0334279 -0.0251833 -1.83075
-0.3325 0.9625 -0.0344692 -0.0404147 0.387238
-0.2975 0.9625 -0.0366752 -0.0547241 -1.29921
-0.2625 0.9625 -0.0399513 -0.067996 -0.790444
-0.2275 0.9625 -0.0441851 -0.0801199 -1.45185
-0.1925 0.9625 -0.0492474 -0.0909938 -1.19643
-0.1575 0.9625 -0.0549936 -0.100527 0.320416
-0.1225 0.9625 -0.0612662 -0.108642 -1.78724
-0.0875 0.9625 -0.0678974 -0.115277 1.06585
-0.0525 0.9625 -0.0747125 -0.12039 1.4056
-0.0175 0.9625 -0.0815333 -0.123955 0.550298
0.0175 0.9625 -0.0881819 -0.125969 -1.06164
0.0525 0.9625 -0.0944843 -0.126446 0.332662
0.0875 0.9625 -0.100274 -0.12542 0.065827
0.1225 0.9625 -0.105395 -0.122941 -0.208669
0.1575 0.9625 -0.109705 -0.119077 -0.0201421
0.1925 0.9625 -0.113075 -0.113908 -0.594142
0.3325 0.9625 -0.115205 -0.0821043 0.809578
0.3675 0.9625 -0.112563 -0.071897 0.784926
0.4025 0.9625 -0.108576 -0.0610018 -0.164275
0.4375 0.9625 -0.103232 -0.0495225 -0.91155
0.4725 0.9625 -0.0965319 -0.0375584 0.710727
0.5075 0.9625 -0.0884879 -0.0252032 -0.0734617
0.5425 0.9625 -0.079122 -0.0125441 0.0623302
0.5775 0.9625 -0.0684641 0.000338435 0.767396
0.6125 0.9625 -0.0565502 0.0133711 -0.0369891
0.6475 0.9625 -0.0434217 0.026488 -2.75447
0.6825 0.9625 -0.0291236 0.0396299 -0.479238
0.7175 0.9625 -0.0137035 0.0527449 0.351412
0.7525 0.9625 0.0027893 0.0657873 0.102999
0.7875 0.9625 0.0203046 0.0787175 1.83282
0.8225 0.9625 0.0387923 0.0915017 -0.777377
0.8575 0.9625 0.0582023 0.104111 -0.864053
0.8925 0.9625 0.0784858 0.116522 -1.21284
0.9275 0.9625 0.0995952 0.128714 0.289787
-0.7875 0.9975 -0.141734 0.210492 -1.04364
-0.7525 0.9975 -0.127307 0.192737 0.865061
-0.7175 0.9975 -0.114005 0.174857 -0.0908052
-0.6825 0.9975 -0.101868 0.156903 -1.24201
-0.6475 0.9975 -0.0909319 0.138932 -0.0209924
-0.6125 0.9975 -0.0812275 0.12101 -0.589309
-0.5775 0.9975 -0.0727793 0.103208 -0.248473
-0.5425 0.9975 -0.0656035 0.0856065 0.106553
-0.5075 0.9975 -0.0597074 0.0682908 -0.508724
-0.4725 0.9975 -0.0550874 0.0513539 -0.101029
-0.4375 0.9975 -0.0517277 0.0348939 -0.401872
-0.4025 0.9975 -0.0495991 0.0190134 1.12034
-0.3675 0.9975 -0.0486579 0.00381763 -0.266312
-0.3325 0.9975 -0.0488453 -0.0105868 -0.118174
-0.2975 0.9975 -0.0500865 -0.0240944 0.491523
-0.2625 0.9975 -0.0522912 -0.0366027 -0.392929
-0.2275 0.9975 -0.0553538 -0.0480146 -1.74987
-0.1925 0.9975 -0.0591543 -0.058241 -1.05801
-0.1575 0.9975 -0.0635601 -0.0672031 -0.884443
-0.1225 0.9975 -0.0684278 -0.0748342 1.31094
-0.0875 0.9975 -0.0736055 -0.0810819 -0.655037
-0.0525 0.9975 -0.0789358 -0.0859094 -0.187875
-0.0175 0.9975 -0.0842588 -0.0892965 -0.658382
0.0175 0.9975 -0.0894148 -0.0912401 -0.82805
0.0525 0.9975 -0.0942479 -0.0917539 -3.30128
0.0875 0.9975 -0.0986086 -0.0908679 1.43436
0.1225 0.9975 -0.102356 -0.0886274 -0.665616
0.1575 0.9975 -0.105362 -0.0850912 0.346207
0.1925 0.9975 -0.107508 -0.0803298 0.951973
0.2275 0.9975 -0.108695 -0.0744235 0.707426
0.2975 0.9975 -0.107853 -0.0595323 0.325961
0.3325 0.9975 -0.105697 -0.0507364 0.541328
0.3675 0.9975 -0.102323 -0.0411695 0.386667
0.4025 0.9975 -0.097705 -0.0309282 0.947383
0.4375 0.9975 -0.0918267 -0.0201067 0.47883
0.4725 0.9975 -0.0846849 -0.00879602 -0.257934
0.5075 0.9975 -0.0762867 0.00291755 -0.820083
0.5425 0.9975 -0.0666476 0.0149529 0.0161505
0.5775 0.9975 -0.055791 0.0272346 0.333607
0.6125 0.9975 -0.0437465 0.0396935 0.178651
0.6475 0.9975 -0.0305485 0.0522666 -0.584287
0.6825 0.9975 -0.0162355 0.064897 1.68413
0.7175 0.9975 -0.000848903 0.077534 0.254153
0.7525 0.9975 0.0155681 0.0901327 -1.59224
0.7875 0.9975 0.0329709 0.102654 1.1631
0.8225 0.9975 0.0513145 0.115063 0.13285
0.8575 0.9975 0.0705537 0.127331 -0.761497
-0.7175 1.0325 -0.13166 0.197311 2.54723
-0.6825 1.0325 -0.119547 0.17992 2.93354
-0.6475 1.0325 -0.108576 0.162555 1.6559
-0.6125 1.0325 -0.0987681 0.145278 -0.727412
-0.5775 1.0325 -0.0901427 0.128158 2.07125
-0.5425 1.0325 -0.0827092 0.111272 -1.2852
-0.5075 1.0325 -0.0764687 0.0946992 -0.0569858
-0.4725 1.0325 -0.0714123 0.0785268 0.879214
-0.4375 1.0325 -0.0675198 0.0628452 0.407581
-0.4025 1.0325 -0.0647589 0.047748 0.418854
-0.3675 1.0325 -0.0630845 0.0333308 -0.423471
-0.3325 1.0325 -0.0624378 0.0196894 -1.38356
-0.2975 1.0325 -0.0627464 0.00691813 -0.0920628
-0.2625 1.0325 -0.0639242 -0.00489201 0.679464
-0.2275 1.0325 -0.0658723 -0.0156556 0.429509
-0.1925 1.0325 -0.0684794 -0.0252945 1.33991
-0.1575 1.0325 -0.0716237 -0.03374 1.1907
-0.1225 1.0325 -0.0751743 -0.0409344 1.06528
-0.0875 1.0325 -0.0789934 -0.0468327 0.521476
-0.0525 1.0325 -0.0829389 -0.0514037 0.742421
-0.0175 1.0325 -0.0868664 -0.0546304 0.197704
0.0175 1.0325 -0.0906324 -0.0565109 -1.20903
0.0525 1.0325 -0.0940965 -0.0570579 -1.05401
0.0875 1.0325 -0.0971238 -0.0562984 2.17695
0.1225 1.0325 -0.0995874 -0.0542724 -1.71465
0.1575 1.0325 -0.10137 -0.051032 -0.452133
0.1925 1.0325 -0.102365 -0.0466397 0.434336
0.2275 1.0325 -0.102479 -0.0411667 -0.197387
0.2625 1.0325 -0.101631 -0.0346907 0.708248
0.2975 1.0325 -0.0997539 -0.0272947 0.0894374
0.3325 1.0325 -0.0967928 -0.0190647 0.0448856
0.3675 1.0325 -0.0927068 -0.0100882 0.127896
0.4025 1.0325 -0.087467 -0.000452488 -0.49562
0.4375 1.0325 -0.0810558 0.00975667 -0.648075
0.4725 1.0325 -0.0734663 0.020456 0.846173
0.5075 1.0325 -0.0647009 0.031566 -0.484935
0.5425 1.0325 -0.0547704 0.0430113 1.25126
0.5775 1.0325 -0.0436924 0.0547214 -0.635585
0.6125 1.0325 -0.0314908 0.0666311 -0.0991492
0.6475 1.0325 -0.0181944 0.0786804 0.330058
0.6825 1.0325 -0.00383574 0.0908149 -0.867485
0.7175 1.0325 0.0115494 0.102985 0.0390098
0.7525 1.0325 0.0279232 0.115148 1.16053
0.7875 1.0325 0.0452462 0.127264 0.679836
0.8225 1.0325 0.063478 0.139299 -0.865804
-0.6475 1.0675 -0.125602 0.18695 1.32585
-0.6125 1.0675 -0.115656 0.170297 -0.333273
-0.5775 1.0675 -0.106821 0.153834 0.642228
-0.5425 1.0675 -0.0991022 0.13763 0.93336
-0.5075 1.0675 -0.0924954 0.121763 0.0125187
-0.4725 1.0675 -0.0869875 0.106312 0.627667
-0.4375 1.0675 -0.0825551 0.0913603 -0.476124
-0.4025 1.0675 -0.0791637 0.0769938 -1.0736
-0.3675 1.0675 -0.0767675 0.0632991 1.73752
-0.3325 1.0675 -0.0753086 0.0503625 0.391971
-0.2975 1.0675 -0.0747171 0.0382684 0.166115
-0.2625 1.0675 -0.0749116 0.0270977 -1.61007
-0.2275 1.0675 -0.0757992 0.0169259 -0.744559
-0.1925 1.0675 -0.0772767 0.00782163 0.143945
-0.1575 1.0675 -0.0792322 -0.000155094 0.255046
-0.1225 1.0675 -0.0815459 -0.00695417 -0.699092
-0.0875 1.0675 -0.0840926 -0.0125367 -0.833814
-0.0525 1.0675 -0.0867434 -0.016876 0.289423
-0.0175 1.0675 -0.0893678 -0.019958 -0.850211
0.0175 1.0675 -0.0918362 -0.0217816 -0.586965
0.0525 1.0675 -0.0940216 -0.0223586 -0.13037
0.0875 1.0675 -0.0958021 -0.0217133 -1.07776
0.1225 1.0675 -0.0970626 -0.0198813 -1.70491
0.1575 1.0675 -0.0976962 -0.016909 0.104796
0.1925 1.0675 -0.0976058 -0.0128519 1.62686
0.2275 1.0675 -0.096705 -0.00777315 1.05004
0.2625 1.0675 -0.0949184 -0.00174235 0.620546
0.2975 1.0675 -0.0921826 0.00516643 0.660644
0.3325 1.0675 -0.0884457 0.012876 -0.0648236
0.3675 1.0675 -0.0836671 0.0213074 -1.26518
0.4025 1.0675 -0.0778174 0.0303817 -1.33265
0.4375 1.0675 -0.0708773 0.0400206 -1.25884
0.4725 1.0675 -0.0628372 0.0501479 -0.256374
0.5075 1.0675 -0.0536957 0.0606903 -0.904465
0.5425 1.0675 -0.0434594 0.0715779 2.33279
0.5775 1.0675 -0.0321415 0.0827448 0.370879
0.6125 1.0675 -0.0197609 0.0941297 1.85502
0.6475 1.0675 -0.00634123 0.105676 0.124075
0.6825 1.0675 0.0080899 0.117331 0.835524
0.7175 1.0675 0.0235018 0.129048 -0.142545
0.7525 1.0675 0.0398614 0.140784 0.109633
0.7875 1.0675 0.0571339 0.152501 -0.499559
0.8225 1.0675 0.0752835 0.164165 -2.05055
-0.6125 1.1025 -0.131915 0.196005 0.0995884
-0.5775 1.1025 -0.122844 0.180171 0.140164
-0.5425 1.1025 -0.114817 0.164619 1.86413
-0.5075 1.1025 -0.107828 0.14942 0.173729
-0.4725 1.1025 -0.101858 0.134649 0.748436
-0.4375 1.1025 -0.0968825 0.120381 1.01732
-0.4025 1.1025 -0.0928658 0.106697 -1.25642
-0.3675 1.1025 -0.0897618 0.093673 -0.427783
-0.3325 1.1025 -0.0875139 0.0813881 0.465023
-0.2975 1.1025 -0.0860551 0.0699177 0.420439
-0.2625 1.1025 -0.0853081 0.0593338 0.700688
-0.2275 1.1025 -0.0851863 0.0497033 0.278951
-0.1925 1.1025 -0.0855938 0.0410866 -0.808162
-0.1575 1.1025 -0.0864276 0.0335365 0.0673234
-0.1225 1.1025 -0.0875779 0.0270965 1.96556
-0.0875 1.1025 -0.0889306 0.0218003 0.652559
-0.0525 1.1025 -0.0903686 0.0176709 -1.31012
-0.0175 1.1025 -0.0917733 0.0147199 -0.157012
0.0175 1.1025 -0.0930274 0.0129478 -1.12857
0.0525 1.1025 -0.0940158 0.0123436 -0.274977
0.0875 1.1025 -0.0946279 0.0128855 0.0872601
0.1225 1.1025 -0.094759 0.0145414 1.78624
0.1575 1.1025 -0.0943114 0.0172701 0.487642
0.1925 1.1025 -0.0931962 0.021022 -0.80731
0.2275 1.1025 -0.0913335 0.0257407 -0.347806
0.2625 1.1025 -0.0886534 0.0313641 -0.0541516
0.2975 1.1025 -0.0850959 0.0378255 1.18987
0.3325 1.1025 -0.0806117 0.0450556 2.57307
0.3675 1.1025 -0.0751612 0.0529831 0.670078
0.4025 1.1025 -0.0687148 0.0615363 0.905398
0.4375 1.1025 -0.061252 0.0706437 1.87727
0.4725 1.1025 -0.0527609 0.0802356 1.61536
0.5075 1.1025 -0.0432375 0.0902443 -1.01841
0.5425 1.1025 -0.0326849 0.100605 0.561985
0.5775 1.1025 -0.0211122 0.111256 0.645926
0.6125 1.1025 -0.00853428 0.12214 -1.8304
0.6475 1.1025 0.00502966 0.133204 0.671711
0.6825 1.1025 0.0195565 0.144397 -1.26895
0.7175 1.1025 0.0350199 0.155674 -0.832078
0.7525 1.1025 0.0513911 0.166994 0.641872
0.7875 1.1025 0.0686396 0.178319 0.917713
-0.5425 1.1375 -0.129889 0.19218 3.11984
-0.5075 1.1375 -0.122503 0.177614 -0.680165
-0.4725 1.1375 -0.116066 0.163483 -1.43065
-0.4375 1.1375 -0.110548 0.149858 -0.305916
-0.4025 1.1375 -0.105914 0.136809 -0.943794
-0.3675 1.1375 -0.102118 0.124409 0.611154
-0.3325 1.1375 -0.0991047 0.112728 -1.03507
-0.2975 1.1375 -0.0968107 0.101832 -1.34468
-0.2625 1.1375 -0.0951628 0.0917881 -1.35717
-0.2275 1.1375 -0.0940798 0.0826537 -1.23902
-0.1925 1.1375 -0.0934729 0.074483 0.376058
-0.1575 1.1375 -0.0932469 0.067322 0.805067
-0.1225 1.1375 -0.0933013 0.061209 0.16405
-0.0875 1.1375 -0.0935316 0.0561733 0.758351
-0.0525 1.1375 -0.093831 0.0522346 -0.706172
-0.0175 1.1375 -0.0940919 0.0494027 -0.390962
0.0175 1.1375 -0.0942074 0.0476773 1.6934
0.0525 1.1375 -0.0940729 0.0470484 0.841556
0.0875 1.1375 -0.0935878 0.0474962 -0.362678
0.1225 1.1375 -0.0926565 0.0489919 1.39743
0.1575 1.1375 -0.0911898 0.0514985 0.539979
0.1925 1.1375 -0.0891058 0.0549718 -0.192853
0.2275 1.1375 -0.0863306 0.059361 -1.02519
0.2625 1.1375 -0.0827992 0.0646106 -0.346337
0.2975 1.1375 -0.0784553 0.0706605 -1.00293
0.3325 1.1375 -0.0732517 0.0774482 -0.0307681
0.3675 1.1375 -0.0671502 0.0849092 -1.02849
0.4025 1.1375 -0.0601211 0.092978 0.110263
0.4375 1.1375 -0.0521434 0.10159 -0.679702
0.4725 1.1375 -0.0432035 0.11068 -0.623598
0.5075 1.1375 -0.033295 0.120187 0.339358
0.5425 1.1375 -0.0224182 0.13005 -1.9173
0.5775 1.1375 -0.0105791 0.140212 0.327853
0.6125 1.1375 0.00221118 0.150619 -0.294108
0.6475 1.1375 0.0159372 0.16122 0.130682
0.6825 1.1375 0.0305796 0.171968 2.09341
0.7175 1.1375 0.0461161 0.18282 0.89937
0.7525 1.1375 0.0625217 0.193735 -0.546649
-0.5075 1.1725 -0.136559 0.206295 0.527342
-0.4725 1.1725 -0.129651 0.192767 0.936671
-0.4375 1.1725 -0.123594 0.179744 1.73348
-0.4025 1.1725 -0.118352 0.16729 -0.940064
-0.3675 1.1725 -0.113881 0.15547 0.234839
-0.3325 1.1725 -0.110127 0.144347 -1.95599
-0.2975 1.1725 -0.10703 0.133984 0.306207
-0.2625 1.1725 -0.10452 0.124436 -0.0567098
-0.2275 1.1725 -0.102521 0.115758 -0.288025
-0.1925 1.1725 -0.100952 0.107995 0.251466
-0.1575 1.1725 -0.0997231 0.101191 1.23423
-0.1225 1.1725 -0.0987434 0.0953762 -1.35452
-0.0875 1.1725 -0.0979167 0.0905781 -0.803012
-0.0525 1.1725 -0.0971454 0.0868131 -1.00363
-0.0175 1.1725 -0.0963313 0.0840896 1.10158
0.0175 1.1725 -0.095377 0.0824069 0.612204
0.0525 1.1725 -0.0941871 0.0817555 0.0164525
0.0875 1.1725 -0.0926697 0.0821175 -0.971753
0.1225 1.1725 -0.0907375 0.0834669 -0.448647
0.1575 1.1725 -0.0883085 0.0857706 0.102455
0.1925 1.1725 -0.0853074 0.0889888 1.01138
0.2275 1.1725 -0.0816658 0.0930759 -1.89661
0.2625 1.1725 -0.0773229 0.0979817 0.434377
0.2975 1.1725 -0.072226 0.103652 -0.247972
0.3325 1.1725 -0.0663301 0.110031 0.279821
0.3675 1.1725 -0.0595983 0.117059 0.783297
0.4025 1.1725 -0.0520015 0.124678 -1.1265
0.4375 1.1725 -0.0435179 0.132827 0.185345
0.4725 1.1725 -0.0341329 0.141448 0.013785
0.5075 1.1725 -0.0238384 0.150482 1.51201
0.5425 1.1725 -0.0126322 0.159876 -1.12198
0.5775 1.1725 -0.000517682 0.169574 -0.679596
0.6125 1.1725 0.0124972 0.179526 -1.57547
0.6475 1.1725 0.0264001 0.189685 1.68041
0.6825 1.1725 0.0411752 0.200006 -0.736079
-0.4725 1.2075 -0.142651 0.22246 0.766996
-0.4375 1.2075 -0.13606 0.21 -0.458296
-0.4025 1.2075 -0.130223 0.198101 -0.00391044
-0.3675 1.2075 -0.125094 0.186821 -1.88179
-0.3325 1.2075 -0.120624 0.176218 -0.679582
-0.2975 1.2075 -0.116753 0.166346 -1.65844
-0.2625 1.2075 -0.113418 0.157257 -2.39957
-0.2275 1.2075 -0.110547 0.148998 0.179383
-0.1925 1.2075 -0.108063 0.141611 2.06706
-0.1575 1.2075 -0.105885 0.135133 -1.75628
-0.1225 1.2075 -0.103928 0.129592 -0.480918
-0.0875 1.2075 -0.102105 0.125011 1.39867
-0.0525 1.2075 -0.100325 0.121405 -0.19537
-0.0175 1.2075 -0.0984986 0.11878 -0.570411
0.0175 1.2075 -0.0965372 0.117137 -0.657136
0.0525 1.2075 -0.0943534 0.116465 -0.161703
0.0875 1.2075 -0.0918632 0.116748 0.743989
0.1225 1.2075 -0.0889862 0.117964 0.338829
0.1575 1.2075 -0.0856473 0.120082 -0.293929
0.1925 1.2075 -0.0817769 0.123066 1.05908
0.2275 1.2075 -0.0773117 0.126875 -2.41945
0.2625 1.2075 -0.0721948 0.131464 -1.56684
0.2975 1.2075 -0.0663767 0.136784 -0.0756573
0.3325 1.2075 -0.0598147 0.142784 -1.2881
0.3675 1.2075 -0.0524732 0.149411 -0.497598
0.4025 1.2075 -0.0443237 0.15661 -1.08103
0.4375 1.2075 -0.0353443 0.164327 0.295994
0.4725 1.2075 -0.0255195 0.172507 -0.438288
0.5075 1.2075 -0.0148397 0.181098 -0.0387425
0.5425 1.2075 -0.00330101 0.190047 -0.362302
0.5775 1.2075 0.00909566 0.199306 1.22968
0.6125 1.2075 0.0223448 0.208825 -0.904992
0.6475 1.2075 0.036437 0.218562 0.0890054
-0.4375 1.2425 -0.147984 0.240592 0.327958
-0.4025 1.2425 -0.141563 0.229212 -0.283265
-0.3675 1.2425 -0.135795 0.218435 1.82376
-0.3325 1.2425 -0.130633 0.208314 1.36711
-0.2975 1.2425 -0.126019 0.198898 0.348433
-0.2625 1.2425 -0.121894 0.190232 -0.649336
-0.2275 1.2425 -0.11819 0.18236 -2.01346
-0.1925 1.2425 -0.114837 0.175319 -1.93567
-0.1575 1.2425 -0.111759 0.16914 -1.75929
-0.1225 1.2425 -0.108878 0.16385 -1.52394
-0.0875 1.2425 -0.106112 0.159469 1.01972
-0.0525 1.2425 -0.103381 0.156008 2.5951
-0.0175 1.2425 -0.1006 0.153474 -2.27596
0.0175 1.2425 -0.0976888 0.151866 -1.22764
0.0525 1.2425 -0.0945675 0.151175 1.58396
0.0875 1.2425 -0.0911587 0.151387 -0.268035
0.1225 1.2425 -0.0873887 0.15248 -0.641537
0.1575 1.2425 -0.0831882 0.154427 0.896134
0.1925 1.2425 -0.0784929 0.157196 -0.477943
0.2275 1.2425 -0.0732438 0.160749 1.71004
0.2625 1.2425 -0.0673882 0.165046 0.169481
0.2975 1.2425 -0.0608791 0.170042 -0.0933622
0.3325 1.2425 -0.0536761 0.175691 1.49752
0.3675 1.2425 -0.0457452 0.181944 0.0985704
0.4025 1.2425 -0.0370584 0.188752 1.84084
0.4375 1.2425 -0.0275938 0.196064 -0.121789
0.4725 1.2425 -0.0173355 0.203831 -0.96724
0.5075 1.2425 -0.00627275 0.212004 1.16555
0.5425 1.2425 0.00559992 0.220534 -0.504747
0.5775 1.2425 0.0182834 0.229376 1.87462
0.6125 1.2425 0.0317745 0.238484 -0.0557365
-0.3675 1.2775 -0.14602 0.250285 1.36893
-0.3325 1.2775 -0.140189 0.240613 -0.0155528
-0.2975 1.2775 -0.134861 0.231619 -1.26421
-0.2625 1.2775 -0.129979 0.223346 -0.224308
-0.2275 1.2775 -0.125481 0.215832 1.01541
-0.1925 1.2775 -0.121301 0.209109 0.614213
-0.1575 1.2775 -0.117369 0.203206 -0.317019
-0.1225 1.2775 -0.113611 0.198147 0.497278
-0.0875 1.2775 -0.109955 0.193949 -1.18311
-0.0525 1.2775 -0.106323 0.190622 -0.168574
-0.0175 1.2775 -0.102641 0.188171 -1.37863
0.0175 1.2775 -0.0988326 0.186596 0.752554
0.0525 1.2775 -0.0948253 0.185888 -0.669733
0.0875 1.2775 -0.0905479 0.186033 0.0912054
0.1225 1.2775 -0.0859325 0.187013 0.133497
0.1575 1.2775 -0.080915 0.188803 -2.43065
0.1925 1.2775 -0.0754358 0.191373 0.0155629
0.2275 1.2775 -0.0694403 0.19469 0.363019
0.2625 1.2775 -0.0628788 0.198717 -0.711724
0.2975 1.2775 -0.0557074 0.203413 0.973333
0.3325 1.2775 -0.0478878 0.208735 -1.1814
0.3675 1.2775 -0.0393871 0.214641 0.115048
0.4025 1.2775 -0.0301783 0.221083 -0.675196
0.4375 1.2775 -0.0202398 0.228017 0.465982
0.4725 1.2775 -0.00955515 0.235396 -0.838904
0.5075 1.2775 0.0018871 0.243175 -1.04782
0.5425 1.2775 0.0140937 0.25131 -0.178637
0.5775 1.2775 0.0270671 0.259756 1.42195
-0.2975 1.3125 -0.143309 0.264493 2.38682
-0.2625 1.3125 -0.137703 0.256584 0.218935
-0.2275 1.3125 -0.132446 0.249401 0.695396
-0.1925 1.3125 -0.127479 0.242972 0.65617
-0.1575 1.3125 -0.122734 0.237325 1.94102
-0.1225 1.3125 -0.118146 0.232479 1.39695
-0.0875 1.3125 -0.113645 0.228449 -1.26338
-0.0525 1.3125 -0.109161 0.225245 1.32385
-0.0175 1.3125 -0.104626 0.222871 -0.234777
0.0175 1.3125 -0.099969 0.221326 -0.330082
0.0525 1.3125 -0.0951234 0.220602 1.49614
0.0875 1.3125 -0.0900234 0.220686 -2.06934
0.1225 1.3125 -0.0846064 0.221562 -0.688291
0.1575 1.3125 -0.0788132 0.223207 0.0800911
0.1925 1.3125 -0.0725884 0.225594 0.731166
0.2275 1.3125 -0.0658811 0.228692 -0.372573
0.2625 1.3125 -0.0586449 0.232468 0.797591
0.2975 1.3125 -0.0508385 0.236885 0.444214
0.3325 1.3125 -0.0424253 0.241905 0.903661
0.3675 1.3125 -0.0333741 0.247486 -0.832248
0.4025 1.3125 -0.0236587 0.253587 -1.05745
0.4375 1.3125 -0.0132577 0.260166 -0.85087
0.4725 1.3125 -0.00215447 0.267181 1.38745
0.5075 1.3125 0.00966289 0.274589 0.185362
-0.1225 1.3475 -0.122497 0.266841 -1.45876
-0.0875 1.3475 -0.117195 0.262967 0.783371
-0.0525 1.3475 -0.111904 0.259876 0.797939
-0.0175 1.3475 -0.10656 0.257573 2.34698
0.0175 1.3475 -0.101099 0.256056 -0.245064
0.0525 1.3475 -0.0954586 0.255317 -0.735967
0.0875 1.3475 -0.0895785 0.255345 0.37599
0.1225 1.3475 -0.0834005 0.256125 0.933562
0.1575 1.3475 -0.0768698 0.257636 -0.555565
0.1925 1.3475 -0.069935 0.259853 0.929048
0.2275 1.3475 -0.0625485 0.262749 -1.59338
0.2625 1.3475 -0.0546668 0.266292 0.0558314
0.2975 1.3475 -0.046251 0.27045 1.71878
0.3325 1.3475 -0.0372665 0.275186 -0.361401
0.3675 1.3475 -0.0276835 0.280465 -0.908333
0.4025 1.3475 -0.0174765 0.286247 2.39785
0.0175 1.3825 -0.102222 0.290785 2.89977
0.0525 1.3825 -0.095828 0.290033 2.04313
0.0875 1.3825 -0.089207 0.29001 0.261352
0.1225 1.3825 -0.0823057 0.290701 0.452649
0.1575 1.3825 -0.0750732 0.292087 0.635893
0.1925 1.3825 -0.0674614 0.294147 -0.0399098
0.2275 1.3825 -0.0594261 0.296854 0.602594
0.2625 1.3825 -0.0509264 0.300181 -0.441262
0.2975 1.3825 -0.0419257 0.304098 1.00294
