0.0176921 -0.229093
0.0431128 -0.212038
0.0654098 -0.196355
0.0130546 -0.208276
0.0395285 -0.189867
0.0626976 -0.172645
0.00842356 -0.188819
0.0361232 -0.169125
0.0603579 -0.150412
0.0810853 -0.133074
0.00367565 -0.170736
0.0327701 -0.149847
0.0582654 -0.129712
0.0800624 -0.110729
-0.00131836 -0.154025
0.0293333 -0.13205
0.0562815 -0.110588
0.0793689 -0.0900275
0.0985063 -0.0708179
-0.00669144 -0.13867
0.0256689 -0.11574
0.0542558 -0.0930663
0.0788531 -0.0710257
0.0993032 -0.0500632
-0.012578 -0.124639
0.0216283 -0.100902
0.0520282 -0.0771578
0.0783487 -0.0537614
0.100363 -0.0311439
0.120314 0.0290817
0.116787 0.0100619
0.116007 -0.0131062
0.118716 -0.0397855
0.125459 -0.0692739
0.136585 -0.100858
-0.0587463 -0.135752
-0.0191113 -0.111886
0.0170604 -0.0875042
0.049432 -0.0628524
0.0776773 -0.0382523
0.101501 -0.0141111
0.108461 0.0528019
0.104076 0.0303924
0.103172 0.00397674
0.106427 -0.0256843
0.11429 -0.0577988
0.126994 -0.0916004
-0.0680402 -0.12446
-0.0264206 -0.100346
0.0118149 -0.0754972
0.0462966 -0.0501187
0.076651 -0.0244933
0.102519 0.00100681
0.102536 0.0953393
0.0943292 0.0739485
0.0895391 0.047988
0.0890026 0.0182742
0.0932966 -0.0143162
0.102742 -0.0489187
0.117433 -0.0847366
-0.124829 -0.137279
-0.0782762 -0.114131
-0.0346289 -0.0899412
0.00574552 -0.0648113
0.0424519 -0.0389037
0.0750767 -0.0124549
0.103204 0.0142079
0.0870201 0.117474
0.0780579 0.0922084
0.0733993 0.0625993
0.0737813 0.0296123
0.0796398 -0.00577734
0.0911374 -0.042658
0.108213 -0.0802306
-0.0895453 -0.104672
-0.0438497 -0.0805779
-0.00128665 -0.0553594
0.0377316 -0.0291321
0.0727608 -0.00208136
0.103337 0.025519
0.0824284 0.160849
0.069002 0.136577
0.0598643 0.107277
0.0559524 0.0740057
0.0578512 0.0378605
0.0658158 -0.000112812
0.0798261 -0.0389891
0.0996551 -0.0779984
-0.152261 -0.118496
-0.101927 -0.095978
-0.0541854 -0.0721511
-0.00941011 -0.0470379
0.0319777 -0.0207073
0.0695134 0.00670931
0.102695 0.0349979
0.0626831 0.181005
0.0486851 0.152279
0.0400552 0.118877
0.0375711 0.0820329
0.0416127 0.0429462
0.0522202 0.00269283
0.0691751 -0.0378275
0.0920841 -0.0779071
0.120453 -0.117022
-0.115489 -0.0879404
-0.0657247 -0.0645452
-0.01874 -0.0397284
0.0250444 -0.0135131
0.0651539 0.0140244
0.101062 0.0427338
0.0401962 0.197552
0.0263799 0.164231
0.0190321 0.126778
0.0187009 0.0865713
0.0255137 0.044867
0.039272 0.0027225
0.0595551 -0.0390299
0.0858132 -0.079776
0.117441 -0.119093
-0.130283 -0.0804443
-0.0785413 -0.0576367
-0.0293758 -0.0333007
0.0168012 -0.00741606
0.0595157 0.0199946
0.0982297 0.0488461
0.0152704 0.210055
0.0025133 0.17213
-0.0027109 0.130819
-0.000149982 0.0875928
0.010035 0.0437009
0.0273981 0.000129822
0.0513265 -0.0423958
0.0811345 -0.0833819
0.116129 -0.122522
-0.146349 -0.0733725
-0.092693 -0.0512968
-0.0413992 -0.0276154
0.00713635 -0.00226864
0.0524503 0.0247714
0.094006 0.0534828
-0.0116483 0.21812
-0.0223688 0.175753
-0.0245962 0.130939
-0.0184275 0.0851657
-0.00432894 0.0396115
0.0170155 -0.00486217
0.0448253 -0.0476731
0.0783078 -0.0884657
-0.163711 -0.0666076
-0.108221 -0.0453942
-0.0548734 -0.0225272
-0.00404121 0.00208728
0.0438314 0.0285227
0.0882215 0.0568164
-0.0230442 0.264765
-0.0399621 0.221435
-0.0476104 0.174982
-0.0459829 0.127185
-0.0355557 0.0794624
-0.0170926 0.0328475
0.00851323 -0.0119672
0.0403496 -0.0545664
0.0775526 -0.094742
0.119341 -0.132433
-0.182381 -0.060034
-0.125151 -0.0397976
-0.0698421 -0.0178882
-0.0168004 0.00581638
0.0335574 0.0314288
0.0807325 0.0590395
-0.0689266 0.219813
-0.0724669 0.169841
-0.0661956 0.119739
-0.0509649 0.0707602
-0.0278022 0.0237352
0.00223539 -0.0208466
0.038149 -0.0627486
0.0790412 -0.101909
0.124131 -0.13838
-0.143492 -0.0343782
-0.0863301 -0.0135511
-0.0311873 0.00908594
0.0215529 0.0336775
0.0714252 0.0603588
0.117867 0.0892417
-0.0882115 0.265532
-0.0976742 0.21323
-0.0961412 0.16051
-0.0845607 0.108909
-0.0641216 0.0594338
-0.0360576 0.0126659
-0.00153238 -0.0311234
0.0384168 -0.0718742
0.0828961 -0.10966
-0.163237 -0.0290121
-0.104344 -0.00937212
-0.0472258 0.012062
0.00776966 0.0354588
0.0602172 0.0609894
0.109595 0.0888172
-0.121345 0.257467
-0.125257 0.20186
-0.11783 0.147335
-0.100445 0.0951278
-0.0745569 0.0459378
-0.0415299 7.71827e-05
-0.00257248 -0.0423988
0.0412864 -0.0815921
0.0891895 -0.117693
-0.123872 -0.00521356
-0.0649183 0.0149055
-0.00781443 0.0369604
0.0470584 0.0611483
0.0992275 0.0876727
-0.153372 0.243892
-0.150709 0.186088
-0.136775 0.130816
-0.113296 0.0789278
-0.0818892 0.0307841
-0.0439732 -0.0135681
-0.000739821 -0.0542695
0.0468311 -0.0915592
0.097945 -0.12572
-0.144889 -0.000946185
-0.0842477 0.0177698
-0.0251965 0.0383635
0.0319297 0.0610489
0.0867118 0.0860574
0.138624 0.113632
-0.183116 0.225231
-0.17311 0.166499
-0.152314 0.111585
-0.122665 0.0609131
-0.0858399 0.0145144
-0.0432301 -0.0278034
0.00403859 -0.0663432
0.0550673 -0.101451
-0.167356 0.0035492
-0.105179 0.0207974
-0.044351 0.0398388
0.0148414 0.0608953
0.0720344 0.0842149
0.126767 0.11007
-0.191664 0.143845
-0.163923 0.0903595
-0.128236 0.0417228
-0.0862388 -0.00232792
-0.0392303 -0.0421782
0.0117684 -0.0782528
0.0659605 -0.11097
-0.191221 0.00838049
-0.127664 0.0241187
-0.0652328 0.0415439
-0.00417018 0.0608784
0.0552151 0.0823761
0.112529 0.106325
0.167264 0.133047
-0.205745 0.118992
-0.171239 0.0679012
-0.129828 0.0219941
-0.0830219 -0.0192232
-0.0319838 -0.0562755
0.0223957 -0.0896663
0.0794327 -0.119854
0.1386 -0.147244
-0.15164 0.02785
-0.08778 0.0436211
-0.0250465 0.0611724
0.0363045 0.0807547
0.0959436 0.102659
0.153444 0.12722
-0.214936 0.0928558
-0.174067 0.0449635
-0.127386 0.0023304
-0.0762215 -0.0356959
-0.0215699 -0.0697236
0.0358174 -0.100294
0.0953712 -0.127877
-0.177035 0.0320936
-0.111918 0.0461959
-0.0477104 0.0619325
0.0153782 0.0795433
0.0770796 0.0993114
0.137044 0.12157
-0.120976 -0.0167249
-0.0659509 -0.0513296
-0.00812402 -0.082204
0.051892 -0.109892
0.113637 -0.134851
-0.203772 0.036937
-0.137561 0.0493767
-0.0720708 0.0632935
-0.00746806 0.0789107
0.0560341 0.0964949
0.118156 0.116365
-0.110756 -0.0347051
-0.0523868 -0.0657752
0.00817637 -0.093455
0.0704504 -0.118264
-0.164617 0.0532547
-0.0980262 0.0653696
-0.0321234 0.0790011
0.0329261 0.0943928
0.0969057 0.111839
-0.0969558 -0.051229
-0.0357514 -0.0787534
0.0271255 -0.103271
0.0913061 -0.125257
-0.19299 0.0579042
-0.125468 0.0682549
-0.0584669 0.0799338
0.00789031 0.0931579
0.0734402 0.108191
-0.0162951 -0.0900527
0.0485011 -0.1115
-0.154286 0.072024
-0.0863718 0.0818045
-0.0189292 0.0929136
0.047923 0.105581
0.114027 0.120091
-0.0597521 -0.0788108
0.00571774 -0.0995241
0.0720749 -0.118037
-0.184368 0.0767337
-0.115709 0.0846864
-0.0473839 0.0937553
0.0205258 0.104134
0.0879099 0.116063
-0.036967 -0.0895159
0.030021 -0.107074
0.0976207 -0.122819
-0.146352 0.0886325
-0.0773252 0.0957526
-0.00857767 0.103943
0.059818 0.1134
0.127764 0.124369
-0.0794527 -0.081679
-0.0118074 -0.0980407
0.0563554 -0.112656
-0.178175 0.0936777
-0.108608 0.0989524
-0.0392162 0.105071
0.0299543 0.112186
0.0988436 0.120492
-0.0532957 -0.0911151
0.015431 -0.10436
0.0844751 -0.116261
-0.141092 0.103381
-0.0712252 0.107555
-0.00148478 0.112476
0.0680951 0.118286
0.137469 0.125169
-0.0943001 -0.0864881
-0.0250286 -0.0980856
0.0444727 -0.108491
0.114152 -0.117912
-0.174647 0.10905
-0.104449 0.111411
-0.0343132 0.114292
0.035743 0.117789
0.105698 0.122026
-0.064872 -0.0939912
0.00504165 -0.102639
0.075066 -0.110481
0.145176 -0.117655
-0.138741 0.116638
-0.0683578 0.117636
0.00199609 0.119005
0.0723121 0.12082
0.142579 0.123172
-0.0336638 -0.0988335
0.03664 -0.104853
0.106984 -0.1104
-0.17397 0.123218
-0.103459 0.122491
-0.0329545 0.121919
0.0375435 0.121532
0.108033 0.121368
-0.0714602 -0.0972019
-0.000973038 -0.101133
0.0695234 -0.10483
0.140027 -0.108335
-0.139474 0.128824
-0.068936 0.126492
0.00160134 0.124121
0.0721383 0.121702
-0.037595 -0.0994141
0.0329419 -0.101025
0.103479 -0.102684
-0.176271 0.136593
-0.105794 0.132674
-0.0353289 0.128525
0.0351217 0.124102
0.105553 0.119348
-0.00258977 -0.0990518
0.0678596 -0.0986557
0.138324 -0.0985352
-0.143392 0.140405
-0.0730842 0.134673
-0.00282049 0.128479
0.0673865 0.121729
0.0333281 -0.0962958
0.103592 -0.0941736
-0.181611 0.149618
-0.111523 0.142483
-0.0415184 0.134732
0.0283795 0.126247
0.0981413 0.116879
6.32152e-05 -0.0956345
0.069969 -0.0913251
0.139979 -0.0877266
-0.150521 0.15187
-0.0808271 0.142759
-0.0112947 0.132774
0.0580323 0.121743
-0.0317385 -0.0966815
0.0376193 -0.0900008
0.107176 -0.0843127
-0.189974 0.162746
-0.120623 0.152453
-0.0514907 0.141178
0.0173657 0.128736
0.0858696 0.114898
0.0067196 -0.0901916
0.0756377 -0.0822626
0.144819 -0.0754225
-0.160802 0.163709
-0.0920876 0.151332
-0.023717 0.137702
0.0442182 0.122583
0.111595 0.105677
-0.022541 -0.0918637
0.0455236 -0.0815531
0.113996 -0.0726048
-0.201277 0.176426
-0.132985 0.163111
-0.0651005 0.148487
0.00227281 0.132317
0.0689967 0.114307
0.017 -0.0821379
0.0845617 -0.0709709
0.152596 -0.0611976
-0.1741 0.176399
-0.106691 0.160949
-0.039861 0.143924
0.0262418 0.12504
0.0914178 0.103944
0.155397 0.0801937
-0.0097616 -0.0839444
0.0566618 -0.0704664
0.123746 -0.058631
-0.148414 0.174955
-0.0821 0.157242
-0.016579 0.137676
0.047942 0.115924
0.111187 0.0915781
0.17278 0.0641267
-0.09849 -0.104952
-0.0345885 -0.0868692
0.0304445 -0.0710132
0.0963698 -0.0570484
-0.190209 0.190379
-0.124379 0.172122
-0.0593962 0.152035
0.00452925 0.12981
0.0671205 0.10507
0.128008 0.0773556
0.186689 0.0461001
-0.119197 -0.111541
-0.0573122 -0.0907755
0.00605662 -0.0725067
0.0705956 -0.0563693
0.136068 -0.0420609
-0.166647 0.188429
-0.102157 0.167956
-0.038768 0.145406
0.0232473 0.120436
0.0835284 0.0926304
0.141596 0.0614922
0.196803 0.0264205
-0.0777748 -0.0954905
-0.0163613 -0.0748138
0.0465476 -0.0564904
0.11065 -0.0401967
-0.144824 0.185293
-0.0819127 0.16254
-0.0204004 0.137468
0.0393662 0.109706
0.096932 0.0788164
0.151695 0.0442804
0.202851 0.00549383
-0.0958364 -0.100805
-0.03668 -0.0777719
0.0243431 -0.057284
0.0868584 -0.0390073
0.150578 -0.0226565
-0.187367 0.203915
-0.12488 0.181058
-0.0638029 0.155987
-0.00446882 0.128372
0.0526939 0.0978267
0.107127 0.0639041
0.158097 0.0260935
0.204639 -0.0161737
-0.165109 -0.134823
-0.111383 -0.106473
-0.0547879 -0.0811881
0.0040877 -0.0585981
0.0647913 -0.0383719
0.126973 -0.0202198
-0.167652 0.200825
-0.10695 0.175837
-0.0479751 0.148447
0.00886935 0.118315
0.0630672 0.0850548
0.113952 0.0482345
0.160662 0.00738308
0.20208 -0.0379842
0.236767 -0.0883148
-0.124336 -0.112216
-0.0705977 -0.0848413
-0.0141297 -0.0602561
0.0445351 -0.0381491
0.104981 -0.0182372
-0.149837 0.19688
-0.0911572 0.169773
-0.0345581 0.140103
0.0194842 0.107534
0.0703642 0.0717007
0.117311 0.0322104
0.159343 -0.0113292
0.195219 -0.0592678
0.22339 -0.111833
-0.13466 -0.117729
-0.0840523 -0.0884846
-0.030242 -0.0620589
0.0261604 -0.0381774
0.0846732 -0.0165777
-0.134024 0.192215
-0.0776078 0.163039
-0.0236554 0.131176
0.0272831 0.0963131
0.0745171 0.0581238
0.117182 0.0162882
0.1542 -0.0294685
0.184251 -0.079312
-0.142367 -0.122687
-0.0951317 -0.0918507
-0.0442091 -0.0637873
0.00971818 -0.0382777
0.066105 -0.015094
0.124515 0.00598566
-0.1203 0.186994
-0.0663832 0.155839
-0.0153361 0.121923
0.0322214 0.0849719
0.0755243 0.0447247
0.113634 0.000963896
0.145416 -0.0464308
0.169529 -0.0974009
-0.147528 -0.126755
-0.103858 -0.0946581
-0.0560224 -0.0652064
-0.00476397 -0.0382547
0.0493151 -0.0136246
0.105727 0.00887386
-0.10873 0.181403
-0.0575347 0.148405
-0.00962808 0.11263
0.0343109 0.0738638
0.0734601 0.0319339
0.106838 -0.0132464
0.133299 -0.0616129
0.151552 -0.11286
-0.110297 -0.0966194
-0.0657083 -0.0660713
-0.0172857 -0.0379016
0.0343213 -0.0119954
0.0885784 0.0117934
-0.150723 0.207766
-0.0993498 0.175653
-0.051077 0.140994
-0.00651015 0.10361
0.0336271 0.0633641
0.0684806 0.0201954
0.0970638 -0.02583
0.118275 -0.0744461
0.13095 -0.125096
-0.114563 -0.0974508
-0.073331 -0.0661336
-0.0278763 -0.0370042
0.0211182 -0.0100235
0.0730807 0.0148997
0.127535 0.0378856
-0.140815 0.20358
-0.0921653 0.169977
-0.0469828 0.133884
-0.00590742 0.0951915
0.0303135 0.0538576
0.0608245 0.00994862
0.0846772 -0.0363033
0.100871 -0.0844285
0.108435 -0.133639
0.106558 -0.182756
-0.116815 -0.096882
-0.0789931 -0.0651491
-0.0365967 -0.0353464
0.00967506 -0.00752058
0.059224 0.0183553
0.111544 0.042354
-0.132928 0.199505
-0.0871449 0.164619
-0.0451792 0.127364
-0.00768827 0.0877101
0.0245814 0.0457235
0.0508077 0.0016081
0.0701248 -0.0442366
0.0816859 -0.0911523
0.0847643 -0.138161
0.0788982 -0.18393
0.0640682 -0.226783
-0.146024 -0.12779
-0.117254 -0.0946655
-0.0828347 -0.0628848
-0.0435397 -0.0327164
-6.55454e-05 -0.00429778
0.0469772 0.0223263
0.0970618 0.0471738
0.149739 0.0703027
-0.127029 0.195761
-0.0842185 0.159837
-0.0455454 0.121728
-0.0116648 0.0814952
0.0167058 0.0393198
0.0388123 -0.00445567
0.053913 -0.0492757
0.0613561 -0.0943232
0.0606914 -0.138487
0.0518085 -0.180362
0.0350833 -0.218318
-0.141372 -0.122912
-0.116118 -0.0905855
-0.0850299 -0.0591274
-0.0488289 -0.0289125
-0.00818758 -0.000170216
0.0362864 0.0269789
0.0840569 0.0524921
0.134658 0.0763804
-0.123051 0.192576
-0.0832754 0.15589
-0.0479138 0.117264
-0.0175965 0.0768581
0.00701591 0.0349682
0.0252702 -0.0079329
0.0365818 -0.0511564
0.0405208 -0.0937685
0.0369208 -0.134587
0.0259978 -0.172219
0.00845234 -0.205159
-0.135637 -0.115604
-0.113671 -0.0844644
-0.0857831 -0.0536893
-0.0526164 -0.0237493
-0.0148008 0.00503798
0.0270755 0.0324752
0.0724794 0.0584558
0.120938 0.0829391
-0.120893 0.190179
-0.0841653 0.153031
-0.0520728 0.114245
-0.0251975 0.07408
-0.00411713 0.032941
0.010643 -0.00858665
0.0186777 -0.0497126
0.0197883 -0.0894345
0.0140781 -0.126562
0.00204161 -0.159783
-0.0153784 -0.187775
-0.0367937 -0.209355
-0.12916 -0.105773
-0.110198 -0.0761679
-0.0853216 -0.0464143
-0.0550792 -0.0170627
-0.0200388 0.011489
0.0192467 0.0389695
0.0622601 0.0652078
0.108531 0.0901092
-0.120419 0.188795
-0.0867011 0.151498
-0.0577725 0.112917
-0.0341465 0.0734011
-0.0162959 0.033451
-0.00459929 -0.00625942
0.000727531 -0.0448755
-0.000290622 -0.0813753
-0.0073124 -0.114616
-0.0196243 -0.143416
-0.0361255 -0.166668
-0.0553706 -0.183471
-0.122279 -0.0933799
-0.105991 -0.0656069
-0.0838893 -0.0371814
-0.056414 -0.00871474
-0.0240558 0.0193269
0.012682 0.0466043
0.0533113 0.0728842
0.097375 0.0980174
-0.121463 0.188634
-0.0906632 0.151512
-0.0647332 0.113495
-0.0440994 0.0750132
-0.0291136 0.0366461
-0.0199985 -0.000873849
-0.0167836 -0.0366662
-0.0192414 -0.0697346
-0.0268356 -0.0990272
-0.0386974 -0.123524
-0.0536435 -0.142343
-0.0702437 -0.154841
-0.0869318 -0.160698
-0.102141 -0.159951
-0.114437 -0.152979
-0.115318 -0.078437
-0.101341 -0.0527375
-0.0817385 -0.0259068
-0.0568314 0.00140377
-0.027023 0.0286743
0.00724611 0.0555071
0.0455285 0.0816112
0.087391 0.106784
-0.123831 0.189892
-0.0958065 0.153262
-0.0726548 0.116149
-0.0547019 0.0790542
-0.0421703 0.0426077
-0.0351266 0.00757197
-0.0334279 -0.0251833
-0.0366752 -0.0547241
-0.0441851 -0.0801199
-0.0549936 -0.100527
-0.0678974 -0.115277
-0.0815333 -0.123955
-0.0944843 -0.126446
-0.105395 -0.122941
-0.113075 -0.113908
-0.115205 -0.0821043
-0.108576 -0.0610018
-0.0965319 -0.0375584
-0.079122 -0.0125441
-0.0565502 0.0133711
-0.0291236 0.0396299
0.0027893 0.0657873
0.0387923 0.0915017
0.0784858 0.116522
-0.127307 0.192737
-0.101868 0.156903
-0.0812275 0.12101
-0.0656035 0.0856065
-0.0550874 0.0513539
-0.0495991 0.0190134
-0.0488453 -0.0105868
-0.0522912 -0.0366027
-0.0591543 -0.058241
-0.0684278 -0.0748342
-0.0789358 -0.0859094
-0.0894148 -0.0912401
-0.0986086 -0.0908679
-0.105362 -0.0850912
-0.108695 -0.0744235
-0.107853 -0.0595323
-0.102323 -0.0411695
-0.0918267 -0.0201067
-0.0762867 0.00291755
-0.055791 0.0272346
-0.0305485 0.0522666
-0.000848903 0.077534
0.0329709 0.102654
0.0705537 0.127331
-0.13166 0.197311
-0.108576 0.162555
-0.0901427 0.128158
-0.0764687 0.0946992
-0.0675198 0.0628452
-0.0630845 0.0333308
-0.0627464 0.00691813
-0.0658723 -0.0156556
-0.0716237 -0.03374
-0.0789934 -0.0468327
-0.0868664 -0.0546304
-0.0940965 -0.0570579
-0.0995874 -0.0542724
-0.102365 -0.0466397
-0.101631 -0.0346907
-0.0967928 -0.0190647
-0.087467 -0.000452488
-0.0734663 0.020456
-0.0547704 0.0430113
-0.0314908 0.0666311
-0.00383574 0.0908149
0.0279232 0.115148
0.063478 0.139299
-0.115656 0.170297
-0.0991022 0.13763
-0.0869875 0.106312
-0.0791637 0.0769938
-0.0753086 0.0503625
-0.0749116 0.0270977
-0.0772767 0.00782163
-0.0815459 -0.00695417
-0.0867434 -0.016876
-0.0918362 -0.0217816
-0.0958021 -0.0217133
-0.0976962 -0.016909
-0.096705 -0.00777315
-0.0921826 0.00516643
-0.0836671 0.0213074
-0.0708773 0.0400206
-0.0536957 0.0606903
-0.0321415 0.0827448
-0.00634123 0.105676
0.0235018 0.129048
0.0571339 0.152501
-0.122844 0.180171
-0.107828 0.14942
-0.0968825 0.120381
-0.0897618 0.093673
-0.0860551 0.0699177
-0.0851863 0.0497033
-0.0864276 0.0335365
-0.0889306 0.0218003
-0.0917733 0.0147199
-0.0940158 0.0123436
-0.094759 0.0145414
-0.0931962 0.021022
-0.0886534 0.0313641
-0.0806117 0.0450556
-0.0687148 0.0615363
-0.0527609 0.0802356
-0.0326849 0.100605
-0.00853428 0.12214
0.0195565 0.144397
0.0513911 0.166994
-0.129889 0.19218
-0.116066 0.163483
-0.105914 0.136809
-0.0991047 0.112728
-0.0951628 0.0917881
-0.0934729 0.074483
-0.0933013 0.061209
-0.093831 0.0522346
-0.0942074 0.0476773
-0.0935878 0.0474962
-0.0911898 0.0514985
-0.0863306 0.059361
-0.0784553 0.0706605
-0.0671502 0.0849092
-0.0521434 0.10159
-0.033295 0.120187
-0.0105791 0.140212
0.0159372 0.16122
0.0461161 0.18282
-0.136559 0.206295
-0.123594 0.179744
-0.113881 0.15547
-0.10703 0.133984
-0.102521 0.115758
-0.0997231 0.101191
-0.0979167 0.0905781
-0.0963313 0.0840896
-0.0941871 0.0817555
-0.0907375 0.0834669
-0.0853074 0.0889888
-0.0773229 0.0979817
-0.0663301 0.110031
-0.0520015 0.124678
-0.0341329 0.141448
-0.0126322 0.159876
0.0124972 0.179526
0.0411752 0.200006
-0.142651 0.22246
-0.130223 0.198101
-0.120624 0.176218
-0.113418 0.157257
-0.108063 0.141611
-0.103928 0.129592
-0.100325 0.121405
-0.0965372 0.117137
-0.0918632 0.116748
-0.0856473 0.120082
-0.0773117 0.126875
-0.0663767 0.136784
-0.0524732 0.149411
-0.0353443 0.164327
-0.0148397 0.181098
0.00909566 0.199306
0.036437 0.218562
-0.147984 0.240592
-0.135795 0.218435
-0.126019 0.198898
-0.11819 0.18236
-0.111759 0.16914
-0.106112 0.159469
-0.1006 0.153474
-0.0945675 0.151175
-0.0873887 0.15248
-0.0784929 0.157196
-0.0673882 0.165046
-0.0536761 0.175691
-0.0370584 0.188752
-0.0173355 0.203831
0.00559992 0.220534
0.0317745 0.238484
-0.140189 0.240613
-0.129979 0.223346
-0.121301 0.209109
-0.113611 0.198147
-0.106323 0.190622
-0.0988326 0.186596
-0.0905479 0.186033
-0.080915 0.188803
-0.0694403 0.19469
-0.0557074 0.203413
-0.0393871 0.214641
-0.0202398 0.228017
0.0018871 0.243175
0.0270671 0.259756
-0.143309 0.264493
-0.132446 0.249401
-0.122734 0.237325
-0.113645 0.228449
-0.104626 0.222871
-0.0951234 0.220602
-0.0846064 0.221562
-0.0725884 0.225594
-0.0586449 0.232468
-0.0424253 0.241905
-0.0236587 0.253587
-0.00215447 0.267181
-0.122497 0.266841
-0.111904 0.259876
-0.101099 0.256056
-0.0895785 0.255345
-0.0768698 0.257636
-0.0625485 0.262749
-0.046251 0.27045
-0.0276835 0.280465
-0.095828 0.290033
-0.0823057 0.290701
-0.0674614 0.294147
-0.0509264 0.300181
