  0.500019945490384E+001  0.692816025960403E+000  0.901640779477423E+002  0.910168593798648E+000  0.294236165111534E+000  0.193323126337500E-001  0.100090970873372E+000 -0.177038619231878E+001 -0.192319429747198E+001
  0.499538431751400E+001  0.695359757692255E+000  0.910186214019276E+002  0.906613691299373E+000  0.299598945646399E+000  0.193011178926036E-001  0.102531045190891E+000 -0.186571333172649E+001 -0.237206703899315E+001
  0.499516413700338E+001  0.697976885458769E+000  0.908031448775038E+002  0.899479283061545E+000  0.302028782692293E+000  0.188624453500682E-001  0.101079776787427E+000 -0.183475474831762E+001 -0.204066227889556E+001
  0.499264519074225E+001  0.702123865838639E+000  0.914405742971723E+002  0.900395218225936E+000  0.302386509568495E+000  0.176861786825211E-001  0.102765894726747E+000 -0.189563905822487E+001 -0.233568941265157E+001
  0.499824920616482E+001  0.696611494584852E+000  0.907366514917576E+002  0.907657403043819E+000  0.296225447967148E+000  0.187225465209443E-001  0.101788413924092E+000 -0.190125070006629E+001 -0.197383295734939E+001
  0.499691185852327E+001  0.701045749802976E+000  0.910672751792532E+002  0.899438515899092E+000  0.305502014736214E+000  0.178190244176426E-001  0.101552529644684E+000 -0.179074600431058E+001 -0.191340119198172E+001
  0.499736903127010E+001  0.693822060336032E+000  0.905372833572484E+002  0.909337689109143E+000  0.298462940322082E+000  0.196075862412200E-001  0.101217509427698E+000 -0.175008410285388E+001 -0.203204626531579E+001
  0.499622542805200E+001  0.697566892391133E+000  0.908330354576198E+002  0.901337577879856E+000  0.303852373716966E+000  0.188012645172966E-001  0.101475151816197E+000 -0.186831562960468E+001 -0.192761996850613E+001
  0.499542110405309E+001  0.703116846186281E+000  0.913981015972807E+002  0.896087252968786E+000  0.305012886728084E+000  0.174406220969884E-001  0.102333332028846E+000 -0.178626171529291E+001 -0.197804350206495E+001
  0.499903678739391E+001  0.690488718940659E+000  0.903169548695126E+002  0.915864074247817E+000  0.294293801851151E+000  0.201009713287401E-001  0.101162227302171E+000 -0.190593963367579E+001 -0.192596698551374E+001
  0.500114057868152E+001  0.685528387469851E+000  0.898443805461588E+002  0.918786125791951E+000  0.290779509586935E+000  0.216505957972153E-001  0.999932207012129E-001 -0.188777102781042E+001 -0.205057216318405E+001
  0.499843939821348E+001  0.695712431244218E+000  0.907503873683874E+002  0.903421891302115E+000  0.298749002941968E+000  0.194377822290406E-001  0.101246981948975E+000 -0.168039710498752E+001 -0.191116791773010E+001
  0.499765119883313E+001  0.695529891873644E+000  0.905926266614388E+002  0.903136832713213E+000  0.302286205884632E+000  0.192080170439102E-001  0.100644663537346E+000 -0.184508781344867E+001 -0.192263091939070E+001
  0.500201909106568E+001  0.687228954943361E+000  0.894768992822930E+002  0.912600996207726E+000  0.289237668527213E+000  0.209062656816290E-001  0.981583707909003E-001 -0.188492267980279E+001 -0.194212988047337E+001
  0.499494797326523E+001  0.700302098896876E+000  0.912343627723303E+002  0.899181293514761E+000  0.304675308563011E+000  0.184540389318542E-001  0.101977973578010E+000 -0.172400933107232E+001 -0.201900455009184E+001
  0.499768233977034E+001  0.690852559463237E+000  0.902965410540789E+002  0.904513853678775E+000  0.299254538451820E+000  0.207062135940079E-001  0.100307086116155E+000 -0.186360666768581E+001 -0.194369572809183E+001
  0.499583313765873E+001  0.701510725140941E+000  0.913249192997559E+002  0.895533148978904E+000  0.305139764624241E+000  0.179307595037412E-001  0.102147144383123E+000 -0.188741471446443E+001 -0.199422634051969E+001
  0.499759947124275E+001  0.697502126924473E+000  0.907157247417286E+002  0.905694352688480E+000  0.300063384351662E+000  0.185780991391795E-001  0.100929783330708E+000 -0.175118666527024E+001 -0.211463487409528E+001
  0.500295884829558E+001  0.687787398498746E+000  0.898756449241316E+002  0.911230972704586E+000  0.292956841596123E+000  0.210278255505772E-001  0.994783669032376E-001 -0.187166286100536E+001 -0.197153942793799E+001
  0.499394657295286E+001  0.703937481795494E+000  0.920512130836126E+002  0.895753272980350E+000  0.309259934034389E+000  0.175611445018454E-001  0.104264690865543E+000 -0.181337728940479E+001 -0.195554377587737E+001
  0.499818742651242E+001  0.693167870878366E+000  0.907648996813533E+002  0.905347980088135E+000  0.298279536262971E+000  0.204992153026586E-001  0.101613421598985E+000 -0.187918303720292E+001 -0.205856379959702E+001
  0.499732543219949E+001  0.695552043040096E+000  0.909020249061301E+002  0.902737252472957E+000  0.302867918199248E+000  0.194269622898177E-001  0.101871008930854E+000 -0.174632491193021E+001 -0.193052474735944E+001
  0.499913311929528E+001  0.691197850455799E+000  0.901764541968280E+002  0.909166458228555E+000  0.292462587904054E+000  0.204632773692006E-001  0.999935050543302E-001 -0.180972361273931E+001 -0.193699693321023E+001
  0.499722345625214E+001  0.699301988012380E+000  0.910650736547705E+002  0.900635925756589E+000  0.302250820333250E+000  0.184783193320697E-001  0.101551224853802E+000 -0.189001028678428E+001 -0.211629221368670E+001
  0.499649571854152E+001  0.698272853135783E+000  0.911089824548043E+002  0.904040915218197E+000  0.297476388169629E+000  0.183641553199806E-001  0.102515320024397E+000 -0.188715867719466E+001 -0.212656962620805E+001
  0.499640306103280E+001  0.701647625033469E+000  0.913124301506290E+002  0.899578578668065E+000  0.305499695342952E+000  0.177890854393788E-001  0.102320603943906E+000 -0.167629344997943E+001 -0.206325293752613E+001
  0.499930851915394E+001  0.694653062165178E+000  0.909415216985531E+002  0.907820585841776E+000  0.301641144907430E+000  0.198329223738297E-001  0.102117152985626E+000 -0.186453557638405E+001 -0.192307546540492E+001
  0.499999456780187E+001  0.695005026289450E+000  0.902221158811509E+002  0.908765946050631E+000  0.297925315784239E+000  0.190928257208157E-001  0.995738982434776E-001 -0.186568815025718E+001 -0.214750915967328E+001
  0.500188760540130E+001  0.688632895757954E+000  0.899575499801189E+002  0.908724232087659E+000  0.297961283013663E+000  0.211318543891074E-001  0.993517956397263E-001 -0.190535867197886E+001 -0.206367683671770E+001
  0.499600635819077E+001  0.704051104995133E+000  0.915687351503602E+002  0.901552833517046E+000  0.305409348572330E+000  0.168055718433428E-001  0.103117792499471E+000 -0.184062569610541E+001 -0.191649502257509E+001
  0.499497130447554E+001  0.699753959754873E+000  0.909798378038564E+002  0.906251229838178E+000  0.298446653748228E+000  0.177993027105322E-001  0.101960234369422E+000 -0.184435343932134E+001 -0.192323382515514E+001
  0.499742185122765E+001  0.695398468435231E+000  0.909120898012730E+002  0.907427096670995E+000  0.294895730029839E+000  0.193830539122330E-001  0.102239644743816E+000 -0.190356158626082E+001 -0.197416211817770E+001
  0.499611051142083E+001  0.698921873016302E+000  0.911065372909363E+002  0.901118030131788E+000  0.305112930325655E+000  0.185545231305975E-001  0.101965322051947E+000 -0.167635091042940E+001 -0.200639603146942E+001
  0.499781260881080E+001  0.697463598617659E+000  0.911179928734505E+002  0.906394147198342E+000  0.296948030795314E+000  0.189127348829744E-001  0.102665597733380E+000 -0.190761415307195E+001 -0.194775087329662E+001
  0.500082404381767E+001  0.687392345301219E+000  0.896143403862858E+002  0.917246062676732E+000  0.286411392209778E+000  0.205480256953878E-001  0.991348299352869E-001 -0.190376550251269E+001 -0.209479014569970E+001
  0.499736186495564E+001  0.698089014430482E+000  0.910446640159459E+002  0.908058904634411E+000  0.301391782532768E+000  0.185849227150328E-001  0.102054861638923E+000 -0.180707286048063E+001 -0.199148052423832E+001
  0.499311107942260E+001  0.704912042964649E+000  0.921645000473296E+002  0.897801821358585E+000  0.308813388299666E+000  0.171397984999443E-001  0.104764517219051E+000 -0.186310311784151E+001 -0.195882595701345E+001
  0.500311506316084E+001  0.683532158011853E+000  0.895101821025443E+002  0.920524489541809E+000  0.287430728692847E+000  0.218682389217875E-001  0.992665187824041E-001 -0.186527099630353E+001 -0.316190514270805E+001
  0.500238296134401E+001  0.689598824718872E+000  0.901340502020289E+002  0.914401199230916E+000  0.295898202194577E+000  0.208059624668583E-001  0.100109736184798E+000 -0.180347814907866E+001 -0.204848132441947E+001
  0.499638221523386E+001  0.699152367857027E+000  0.911535263105688E+002  0.899576271186348E+000  0.300310634219457E+000  0.184155748710411E-001  0.102211884322198E+000 -0.185852876721197E+001 -0.194634128962168E+001
  0.499608188042025E+001  0.696068156402836E+000  0.909149058944981E+002  0.907374199688139E+000  0.300101002495304E+000  0.194947589926765E-001  0.101728703705700E+000 -0.185580522930007E+001 -0.276139868673053E+001
  0.499563266966444E+001  0.700899972700053E+000  0.914986984284524E+002  0.902439984132127E+000  0.305289665289420E+000  0.182875630495312E-001  0.102951262834020E+000 -0.176126115838181E+001 -0.191054978380588E+001
  0.499980944789581E+001  0.691382887804689E+000  0.901827864971448E+002  0.914108095917231E+000  0.290472309714940E+000  0.199261624163972E-001  0.100464739263648E+000 -0.174057388031492E+001 -0.201691846676227E+001
  0.500131685213265E+001  0.690840891641542E+000  0.902473706745904E+002  0.908512307753397E+000  0.298802196260810E+000  0.203781545326949E-001  0.100303146164716E+000 -0.188102252410975E+001 -0.198065766249748E+001
  0.499807312055227E+001  0.693008941862951E+000  0.904637368063768E+002  0.910723041810861E+000  0.299676883433970E+000  0.198783031750665E-001  0.100726429548198E+000 -0.189272555290242E+001 -0.206131234783707E+001
  0.499387899716290E+001  0.699901372420698E+000  0.914559491340526E+002  0.895919251101872E+000  0.306363896834958E+000  0.189634690232683E-001  0.102647513342571E+000 -0.190493405792045E+001 -0.195893074092410E+001
  0.499268495291099E+001  0.708232421829960E+000  0.923623181815031E+002  0.894531210782759E+000  0.309098119128423E+000  0.161857321038771E-001  0.104718751193802E+000 -0.189346660245228E+001 -0.204736444528653E+001
  0.499790425636289E+001  0.693453540756032E+000  0.906243609848636E+002  0.905468388390341E+000  0.296739195448796E+000  0.200236337912000E-001  0.101078803165230E+000 -0.183391829771066E+001 -0.200949215384967E+001
  0.499416558823518E+001  0.700255498181040E+000  0.911979055671517E+002  0.899925600657852E+000  0.303776054811737E+000  0.183315054842014E-001  0.101978226684988E+000 -0.174861035423006E+001 -0.196099147475106E+001
  0.499539855798969E+001  0.701752045814214E+000  0.912615245819888E+002  0.899666264491464E+000  0.307253811074096E+000  0.175714033647076E-001  0.102298443134432E+000 -0.187496454002552E+001 -0.193920486502397E+001
  0.499566471241417E+001  0.701043438463182E+000  0.910777580146475E+002  0.901866609057874E+000  0.302456336465515E+000  0.179802444538561E-001  0.101650984159379E+000 -0.181673542233691E+001 -0.209886806585148E+001
  0.499851239694878E+001  0.698151817771601E+000  0.911353160006816E+002  0.904374864305523E+000  0.303855882126452E+000  0.191308944101238E-001  0.102103521565756E+000 -0.188398022145987E+001 -0.205262143240863E+001
  0.499576726410799E+001  0.702645816309046E+000  0.916437683540965E+002  0.901735815057586E+000  0.304711777397469E+000  0.174665244212732E-001  0.103466703344621E+000 -0.172518417179729E+001 -0.322207154113709E+001
  0.499819029723875E+001  0.696567560689948E+000  0.907589327247913E+002  0.906179836646713E+000  0.300367374060366E+000  0.185242806136731E-001  0.101687286105932E+000 -0.181227337467145E+001 -0.198931806751156E+001
  0.499897862305927E+001  0.692430647106975E+000  0.902085019116928E+002  0.908523977521770E+000  0.293576198107915E+000  0.199891550721399E-001  0.100228918553035E+000 -0.181542012492733E+001 -0.192337546821846E+001
  0.499778500654683E+001  0.695127350877926E+000  0.905068541062302E+002  0.903451225813538E+000  0.302031727602058E+000  0.192728499865079E-001  0.100404382766989E+000 -0.188199228627261E+001 -0.194858482397802E+001
  0.500068950416771E+001  0.691287370868843E+000  0.901166406384303E+002  0.907864079425153E+000  0.294486596736780E+000  0.204969748617113E-001  0.995110345248532E-001 -0.181628511896540E+001 -0.196464707956771E+001
  0.499896733827347E+001  0.696501092770296E+000  0.904655228991090E+002  0.909293905725010E+000  0.297844632044396E+000  0.184522246499167E-001  0.100547051009022E+000 -0.180017869860080E+001 -0.212431369184558E+001
  0.499959173969198E+001  0.692399030657422E+000  0.902183692223983E+002  0.911582204354365E+000  0.292185271067234E+000  0.197414663435430E-001  0.100274341475065E+000 -0.168708395422391E+001 -0.203735149078552E+001
  0.499381604335944E+001  0.705745399021491E+000  0.921735400043387E+002  0.896892095046800E+000  0.308781619008742E+000  0.168180713155800E-001  0.104679031896541E+000 -0.183825638520066E+001 -0.194942752573774E+001
  0.499835234797474E+001  0.695941160182354E+000  0.907339172473706E+002  0.902219353477236E+000  0.300112898002498E+000  0.189692634507343E-001  0.101403466932945E+000 -0.185530117029942E+001 -0.198297584100105E+001
  0.500299823213142E+001  0.689506544183787E+000  0.896273730202373E+002  0.913528407070148E+000  0.290892158110370E+000  0.201879041273846E-001  0.984222792393384E-001 -0.190399540367227E+001 -0.275722413318702E+001
  0.500062157496612E+001  0.691915349845427E+000  0.902380165959961E+002  0.905940154784817E+000  0.299834402370335E+000  0.204212838028900E-001  0.999846160043939E-001 -0.185768836374565E+001 -0.196991697025319E+001
  0.499962114449899E+001  0.692321017227007E+000  0.902946206323535E+002  0.912072336259315E+000  0.296582863744126E+000  0.200950377175924E-001  0.100462260313738E+000 -0.177763535003934E+001 -0.219112573428864E+001
  0.500048275117625E+001  0.692910878028676E+000  0.901447048340164E+002  0.906702152288520E+000  0.296825265044612E+000  0.200350559836093E-001  0.993253012353042E-001 -0.181823871649778E+001 -0.218966791025625E+001
  0.499697007284718E+001  0.702792935421977E+000  0.913734246088343E+002  0.900592313461867E+000  0.302299318836230E+000  0.173650187011008E-001  0.102612171552552E+000 -0.184207695505099E+001 -0.191367418269416E+001
  0.499593396988002E+001  0.698846102632134E+000  0.911335523854764E+002  0.907001553713232E+000  0.302163196120600E+000  0.181676998216513E-001  0.102552949049126E+000 -0.179203358025296E+001 -0.191033901861864E+001
  0.499684663127651E+001  0.694816839311248E+000  0.908394047138490E+002  0.903923649932175E+000  0.297696058634743E+000  0.195069636079185E-001  0.102059036835382E+000 -0.182204090473830E+001 -0.196663670409051E+001
  0.499734569826888E+001  0.695595780453770E+000  0.906344498128123E+002  0.907956830760374E+000  0.300507027650630E+000  0.191181890464631E-001  0.101018164931515E+000 -0.173519567597863E+001 -0.218698127291981E+001
  0.499872359284884E+001  0.688539433861654E+000  0.899459774378146E+002  0.910873540459823E+000  0.291451646129934E+000  0.209232475071696E-001  0.996216405096650E-001 -0.187650606933097E+001 -0.225141878550841E+001
  0.499506622349781E+001  0.705435985742122E+000  0.920599562074184E+002  0.894340195734712E+000  0.309039368246625E+000  0.173539724696895E-001  0.103843024045409E+000 -0.190325995172417E+001 -0.252638547303038E+001
  0.499646567011129E+001  0.699346468852383E+000  0.913039271410749E+002  0.905924634159788E+000  0.303555203767634E+000  0.185726633431457E-001  0.102674719258660E+000 -0.182979185443011E+001 -0.213070072436119E+001
  0.499717537919564E+001  0.696818316619595E+000  0.909895304932762E+002  0.906518976365572E+000  0.301950960403422E+000  0.193794835099499E-001  0.101855419975783E+000 -0.181382082161153E+001 -0.227047801366181E+001
  0.499508303158243E+001  0.697890367408033E+000  0.912147220718362E+002  0.905506762219469E+000  0.302759733159741E+000  0.186622466917111E-001  0.102887851792461E+000 -0.179336724043505E+001 -0.197181389753105E+001
  0.500592978702893E+001  0.683100442467588E+000  0.891779788423641E+002  0.918433387584050E+000  0.287308930030742E+000  0.220215127270879E-001  0.975336493544905E-001 -0.189007746457927E+001 -0.194878253828864E+001
  0.500016372303265E+001  0.691560017565085E+000  0.904949067049451E+002  0.912982471182603E+000  0.295286216228807E+000  0.202300540419339E-001  0.101541662441486E+000 -0.184586904271869E+001 -0.193034420151628E+001
  0.499952116888809E+001  0.692831122842540E+000  0.901389437953562E+002  0.911532076192065E+000  0.293249812544401E+000  0.195679772750935E-001  0.998632315984656E-001 -0.169763240629486E+001 -0.197198603152943E+001
  0.499565567808487E+001  0.695708281687575E+000  0.906691674092974E+002  0.901095882182215E+000  0.298879717229494E+000  0.191260197250730E-001  0.101182464021332E+000 -0.186412266007728E+001 -0.203468765434057E+001
  0.499602372857401E+001  0.702305457653529E+000  0.915721935306323E+002  0.899929076318689E+000  0.303908325514556E+000  0.178650581806979E-001  0.102900167423708E+000 -0.181780098120750E+001 -0.205523752962622E+001
  0.499726121255871E+001  0.695514993929692E+000  0.907776516111316E+002  0.900305582448076E+000  0.303024244902583E+000  0.199743629446069E-001  0.100949551949738E+000 -0.186214013724772E+001 -0.206377789115611E+001
  0.499567273521461E+001  0.696764796400853E+000  0.905877852995987E+002  0.901140259385898E+000  0.298815365351172E+000  0.189929626989768E-001  0.100637933986000E+000 -0.189678532834750E+001 -0.201064893681534E+001
  0.500035544249525E+001  0.688746253315328E+000  0.898751093477500E+002  0.912038680516908E+000  0.293628095318400E+000  0.203644564960955E-001  0.996581041553231E-001 -0.188910896280287E+001 -0.209507861710636E+001
  0.499399976335575E+001  0.699460266069981E+000  0.910916415821988E+002  0.898573208905750E+000  0.303086102328033E+000  0.181138975965832E-001  0.102122764395905E+000 -0.183472435933703E+001 -0.195458311497311E+001
  0.499499982405331E+001  0.701497305248681E+000  0.917524727635086E+002  0.900847049695490E+000  0.307092385372263E+000  0.182242493101706E-001  0.103769016727148E+000 -0.183824067489348E+001 -0.198763869291096E+001
  0.499873407474312E+001  0.698161602822171E+000  0.908416328832136E+002  0.905387605487858E+000  0.297230540279372E+000  0.184464874557060E-001  0.101718774963875E+000 -0.188768295592663E+001 -0.258051573459645E+001
  0.499987054559564E+001  0.695351127082267E+000  0.906368929837836E+002  0.907880730275108E+000  0.299699179479282E+000  0.191284598132326E-001  0.101209830919362E+000 -0.167986146049120E+001 -0.204347800144086E+001
  0.500164773889181E+001  0.688748072589436E+000  0.899150124364309E+002  0.917664936569002E+000  0.289318827724746E+000  0.208679369438721E-001  0.996504544607286E-001 -0.183567759670202E+001 -0.219763637307790E+001
  0.500160143446592E+001  0.693348125310738E+000  0.902626704021780E+002  0.909689270998048E+000  0.294375772225598E+000  0.198830487486581E-001  0.100003456222899E+000 -0.179473260806622E+001 -0.201571431288540E+001
  0.499671973936966E+001  0.696573609242819E+000  0.905198843177799E+002  0.903141444465678E+000  0.301260223459511E+000  0.189649105600809E-001  0.100364940833874E+000 -0.178480558335388E+001 -0.196591495505062E+001
  0.499983591262906E+001  0.691065830265386E+000  0.901620415149786E+002  0.912416163460287E+000  0.290008281061844E+000  0.202440450425030E-001  0.100211087231284E+000 -0.185435081626093E+001 -0.233779123740921E+001
  0.499317992594081E+001  0.704079568314129E+000  0.917029938204976E+002  0.898452547514622E+000  0.308450029436747E+000  0.170718362721166E-001  0.103422149903930E+000 -0.182899089812093E+001 -0.191506985700043E+001
  0.499965787336678E+001  0.694015924547068E+000  0.903857144546308E+002  0.908657628863825E+000  0.294128795733649E+000  0.197635960602726E-001  0.100332938980795E+000 -0.180220109848178E+001 -0.200177253812442E+001
  0.500247967615604E+001  0.687263426598312E+000  0.897032467084955E+002  0.912153149758987E+000  0.290680686476467E+000  0.211590195680213E-001  0.988996268133814E-001 -0.177525268707394E+001 -0.204981731617856E+001
  0.500053639265227E+001  0.690823816585133E+000  0.900484572703540E+002  0.912609222428181E+000  0.295927513293722E+000  0.202059402790427E-001  0.995410188198597E-001 -0.187615272897198E+001 -0.212292853189149E+001
  0.499970844126087E+001  0.695796120373990E+000  0.904819093121365E+002  0.903959793250702E+000  0.302227939442712E+000  0.191943261921893E-001  0.100345061330354E+000 -0.185148047767703E+001 -0.198092714352615E+001
  0.499916766361012E+001  0.690345776480215E+000  0.904261916152694E+002  0.909087695753621E+000  0.298323690740129E+000  0.208477498568753E-001  0.101035028487978E+000 -0.180789183279695E+001 -0.191466633814067E+001
  0.499803318990470E+001  0.698288001736957E+000  0.910168539543265E+002  0.898587786200890E+000  0.306240578769363E+000  0.191226767951106E-001  0.101338657788402E+000 -0.188448964658084E+001 -0.199437722496577E+001
  0.499749829934535E+001  0.696789667216193E+000  0.904949199225678E+002  0.903813212874930E+000  0.301559253221167E+000  0.186215820002458E-001  0.100549066860674E+000 -0.190675931583970E+001 -0.224985525490743E+001
  0.499691296188393E+001  0.692512841453440E+000  0.905894716276541E+002  0.904347941719912E+000  0.300798539170359E+000  0.205811679350780E-001  0.100961715778970E+000 -0.184602129885924E+001 -0.197083383247476E+001
  0.499776694298106E+001  0.695521091664490E+000  0.908702148047464E+002  0.905351885210163E+000  0.302794464074115E+000  0.194947994446109E-001  0.101631759002749E+000 -0.174235643963125E+001 -0.236725477626019E+001
  0.500127377718422E+001  0.690740693397148E+000  0.899106159091337E+002  0.918134976201283E+000  0.290077690306826E+000  0.197479529565495E-001  0.999138461964976E-001 -0.190874750199427E+001 -0.193678164135011E+001
  0.499707450849718E+001  0.694787674853632E+000  0.905761724325641E+002  0.911247513044906E+000  0.297774543269310E+000  0.191454945434043E-001  0.101332694012021E+000 -0.180667473561546E+001 -0.201548648568079E+001
  0.500047092382305E+001  0.690214559648064E+000  0.901271427918987E+002  0.909051378135989E+000  0.293076165115079E+000  0.205211063990827E-001  0.100294851397080E+000 -0.181089329696972E+001 -0.199599923010345E+001
  0.499965152959692E+001  0.693558940900168E+000  0.900727199064527E+002  0.907895722297989E+000  0.293123382731319E+000  0.195214417152338E-001  0.993906349684753E-001 -0.187933502893876E+001 -0.213412193914591E+001
  0.499246780816656E+001  0.702508663815666E+000  0.918308066648123E+002  0.895516939349048E+000  0.309316035295006E+000  0.178595181849512E-001  0.103761262242280E+000 -0.184638128146102E+001 -0.200764367228064E+001
  0.499970134972553E+001  0.692377417540295E+000  0.902594449658941E+002  0.916577960306243E+000  0.292339355821138E+000  0.193490589972631E-001  0.100803736306864E+000 -0.185528204284938E+001 -0.194322047399425E+001
  0.499500331589420E+001  0.700868957117825E+000  0.913020406375335E+002  0.899497733857957E+000  0.300477913894587E+000  0.180290402599352E-001  0.102390351982185E+000 -0.190614828759034E+001 -0.194235575307650E+001
  0.499526588701148E+001  0.700550171588824E+000  0.913961640908254E+002  0.901225846007760E+000  0.300691296060953E+000  0.182760243684176E-001  0.102798032979697E+000 -0.181932592334672E+001 -0.214913831294607E+001
  0.499239851208057E+001  0.702935673700994E+000  0.915617161201834E+002  0.899266501081950E+000  0.304652696481385E+000  0.175338172828735E-001  0.102891188536293E+000 -0.189227831043097E+001 -0.196589738986086E+001
  0.499943043242164E+001  0.693895593218253E+000  0.903319027166330E+002  0.903703488516013E+000  0.298199500840754E+000  0.197980932618507E-001  0.100036247804356E+000 -0.174142895463419E+001 -0.192093501747626E+001
  0.499658753489578E+001  0.696152433725947E+000  0.908393910263917E+002  0.906912595318841E+000  0.300071331437133E+000  0.188065511499605E-001  0.102083980685163E+000 -0.176317873050404E+001 -0.196235789934902E+001
  0.499572190811892E+001  0.700336555218013E+000  0.912821266476130E+002  0.900316952856169E+000  0.300971429311887E+000  0.177916203066586E-001  0.102896096924021E+000 -0.187518538976769E+001 -0.205752637819674E+001
  0.499622859446170E+001  0.696414246723109E+000  0.907830016117720E+002  0.908661821336111E+000  0.299772939455078E+000  0.185807999946739E-001  0.101893959598942E+000 -0.183690524429658E+001 -0.199698772524411E+001
  0.500443609489449E+001  0.681184520354435E+000  0.891892580823942E+002  0.918751724045300E+000  0.288815974757227E+000  0.227696395866401E-001  0.978825411295379E-001 -0.189355408271667E+001 -0.196857867733920E+001
  0.499801267981483E+001  0.697160989363188E+000  0.907652354508860E+002  0.898264451680917E+000  0.301710728316560E+000  0.190988847219954E-001  0.100979832415191E+000 -0.189727915302135E+001 -0.195219859782603E+001
  0.499738338782403E+001  0.697021920548403E+000  0.910259780184770E+002  0.902191915822318E+000  0.300589431015613E+000  0.187991781568963E-001  0.102254959605521E+000 -0.183654394229588E+001 -0.193940783740433E+001
  0.500408497133757E+001  0.687435612917074E+000  0.897940647594811E+002  0.917558572550899E+000  0.291443357093778E+000  0.207206052745917E-001  0.997407679001704E-001 -0.190662491938811E+001 -0.200332247809869E+001
  0.499686861131213E+001  0.694636768153666E+000  0.908022563419415E+002  0.905849144063414E+000  0.300538950032190E+000  0.201595389031272E-001  0.101352833975146E+000 -0.190546534228322E+001 -0.212520700776356E+001
  0.499958933998550E+001  0.692622597630065E+000  0.903202605182587E+002  0.906571619971760E+000  0.297704245807619E+000  0.197153462987602E-001  0.100584760063584E+000 -0.176764590143911E+001 -0.241927705878870E+001
  0.500278519056073E+001  0.685148415680655E+000  0.896232319793157E+002  0.916751035459484E+000  0.290064816521179E+000  0.213965413686754E-001  0.992269702324430E-001 -0.182885885721907E+001 -0.204420500510566E+001
  0.499742123849206E+001  0.700449625987646E+000  0.913931879814671E+002  0.899691426992958E+000  0.302055324050319E+000  0.181599018404883E-001  0.102777343278620E+000 -0.190384838360855E+001 -0.191558340064300E+001
  0.499663129587007E+001  0.693188948143727E+000  0.903933603654290E+002  0.908480603976060E+000  0.299398542653545E+000  0.199716090960814E-001  0.100480132816073E+000 -0.190231899295223E+001 -0.211714668775441E+001
  0.500108979497599E+001  0.689682782218323E+000  0.900014550483941E+002  0.915075544132977E+000  0.291334333232494E+000  0.200147111816363E-001  0.100251453718643E+000 -0.180320330179046E+001 -0.194555283967451E+001
  0.499734935623046E+001  0.691301246544820E+000  0.902582220111165E+002  0.913065122903588E+000  0.293540040868010E+000  0.200723070973963E-001  0.100554028107811E+000 -0.184766507416511E+001 -0.210782852204476E+001
  0.499921144713263E+001  0.692677088806071E+000  0.899573730283716E+002  0.912884409185497E+000  0.291278752342678E+000  0.191250951839792E-001  0.996911982865801E-001 -0.189580891546778E+001 -0.273133402904969E+001
  0.500186313123919E+001  0.686997630955088E+000  0.896742020766907E+002  0.920329165543267E+000  0.289918969845925E+000  0.208387468896810E-001  0.992040491737128E-001 -0.187277484028532E+001 -0.206952419266622E+001
  0.499566211622789E+001  0.701579290877048E+000  0.913100661825954E+002  0.904799784509425E+000  0.301829742321532E+000  0.176142450012938E-001  0.102399044388328E+000 -0.190974655339923E+001 -0.214764169853339E+001
  0.499505598132068E+001  0.696672646719794E+000  0.909916953167980E+002  0.905028672423871E+000  0.301885364994907E+000  0.193029226455537E-001  0.101789995324126E+000 -0.189597818565436E+001 -0.243389210987853E+001
  0.499938912219387E+001  0.691883944400136E+000  0.904200622310729E+002  0.910784962238914E+000  0.292349720640792E+000  0.200178833012497E-001  0.101153501608782E+000 -0.176885602436424E+001 -0.191198082634983E+001
  0.499987828901626E+001  0.690228305313748E+000  0.903994880347306E+002  0.909625338379515E+000  0.296944553813894E+000  0.207708649570200E-001  0.100809840019175E+000 -0.187473998904568E+001 -0.200002077172558E+001
  0.499734199432065E+001  0.694930679181096E+000  0.909032122337558E+002  0.907913935484957E+000  0.298168323880015E+000  0.198211401844551E-001  0.102123948712051E+000 -0.187264714841014E+001 -0.191261081703601E+001
  0.499864887653880E+001  0.696851003830592E+000  0.908800435861557E+002  0.906065322959419E+000  0.300254110409172E+000  0.193204282186223E-001  0.101618751023772E+000 -0.185033612914797E+001 -0.193478181809090E+001
  0.500293367337147E+001  0.686279570104693E+000  0.894733396955125E+002  0.916904519207849E+000  0.290202165743972E+000  0.213192970288286E-001  0.982736717817080E-001 -0.173639856833229E+001 -0.197160074839785E+001
  0.499580345317892E+001  0.702444886606435E+000  0.913243276259690E+002  0.901441181869452E+000  0.302500930876964E+000  0.169910091203128E-001  0.102709242899972E+000 -0.186770478030079E+001 -0.200688048380233E+001
  0.499519159607709E+001  0.700271301289483E+000  0.910536366366669E+002  0.903779899041602E+000  0.299748663872998E+000  0.178695522457983E-001  0.102043305693492E+000 -0.177497629411387E+001 -0.249178946147047E+001
  0.500355160623651E+001  0.688237970205263E+000  0.898492588106185E+002  0.912082461690946E+000  0.290939720042680E+000  0.210355014114541E-001  0.994883323908345E-001 -0.188445795494958E+001 -0.194507792447969E+001
  0.499935162499568E+001  0.695200544736725E+000  0.905577835958753E+002  0.909273523528763E+000  0.298832975638807E+000  0.195288995433069E-001  0.100727145797399E+000 -0.177957505432353E+001 -0.222476203792568E+001
  0.499469148156876E+001  0.698992451720030E+000  0.911110887799125E+002  0.897880178574263E+000  0.304615725883585E+000  0.190279209041617E-001  0.101627371933363E+000 -0.187319448633231E+001 -0.193539602409523E+001
  0.499806150003921E+001  0.693097961733733E+000  0.906080048785217E+002  0.906384330286666E+000  0.298213871156053E+000  0.204048808522836E-001  0.100866149147935E+000 -0.183218326802022E+001 -0.216603533144195E+001
  0.499458062399439E+001  0.705317282164262E+000  0.917080259943152E+002  0.899950940696828E+000  0.304220603826681E+000  0.168495781431010E-001  0.103121348278460E+000 -0.190904869415640E+001 -0.206534736471620E+001
  0.500178317767176E+001  0.690275519618081E+000  0.901471015677796E+002  0.913312909160083E+000  0.296345129723043E+000  0.209279885042534E-001  0.998286498328496E-001 -0.190115180220702E+001 -0.191511303471404E+001
  0.500066000521021E+001  0.692487381740190E+000  0.906056387156345E+002  0.910936565292175E+000  0.296747171483992E+000  0.198979731917903E-001  0.101582805142950E+000 -0.184845311384102E+001 -0.192924263157699E+001
  0.500472851108664E+001  0.682708898400548E+000  0.892826329384967E+002  0.915874335780106E+000  0.288438978006137E+000  0.222818605164140E-001  0.980052012549218E-001 -0.186001912424105E+001 -0.193614454767310E+001
  0.499450305814522E+001  0.695325202798784E+000  0.910443400545282E+002  0.903579902026839E+000  0.301016517513153E+000  0.195180207638822E-001  0.102448777677419E+000 -0.190403572168422E+001 -0.193476313911404E+001
  0.499735524233991E+001  0.692533327230096E+000  0.907565253306121E+002  0.904906902469585E+000  0.299700700788437E+000  0.207162991027595E-001  0.101587693050297E+000 -0.190388808855022E+001 -0.212343480906349E+001
  0.500321921978853E+001  0.684483878807355E+000  0.892775446256904E+002  0.918136030946772E+000  0.285117828466543E+000  0.215813383550179E-001  0.980566577473136E-001 -0.185074228400452E+001 -0.207070552929098E+001
  0.499904150361209E+001  0.694926340596854E+000  0.908285012877430E+002  0.902764086519804E+000  0.301246086709788E+000  0.196084376813098E-001  0.101772214635636E+000 -0.184626379800119E+001 -0.198437924893178E+001
  0.499712731319258E+001  0.698012119612430E+000  0.912603851374472E+002  0.904283525293516E+000  0.302510698393595E+000  0.185473307308036E-001  0.103172113015442E+000 -0.189440310682559E+001 -0.212475525069097E+001
  0.500069319879820E+001  0.691071588627549E+000  0.902053292932629E+002  0.909181921673963E+000  0.298605319419565E+000  0.208186270278555E-001  0.997550527618192E-001 -0.184194725185302E+001 -0.191636474290000E+001
  0.499703672411021E+001  0.695250533956649E+000  0.908432861884185E+002  0.907246997467016E+000  0.295733989514341E+000  0.191023640871736E-001  0.102065876668802E+000 -0.189189861435401E+001 -0.192212701513148E+001
  0.499491966184112E+001  0.698181647871424E+000  0.911777804856687E+002  0.905925639598086E+000  0.301449978575286E+000  0.188482026044965E-001  0.102443169432609E+000 -0.182760060326789E+001 -0.207663091950122E+001
  0.500311646802815E+001  0.684931665163767E+000  0.897314291326723E+002  0.916399752135753E+000  0.289921440396623E+000  0.218314015925579E-001  0.996838949128168E-001 -0.188018100409113E+001 -0.208524578843395E+001
  0.500291092830315E+001  0.688517761082232E+000  0.900380965336764E+002  0.915585047734071E+000  0.292647529761809E+000  0.210305593455569E-001  0.100242403419106E+000 -0.187513100884477E+001 -0.194650186126132E+001
  0.500426893418519E+001  0.685553147123855E+000  0.896263240534497E+002  0.915762118260069E+000  0.290307175639717E+000  0.217934737983217E-001  0.988888014023890E-001 -0.176536579903480E+001 -0.214379132584601E+001
  0.499720563457043E+001  0.697192654055801E+000  0.910847477319657E+002  0.899086768863752E+000  0.303584905359023E+000  0.194305131234742E-001  0.102065132689338E+000 -0.186456727365147E+001 -0.230862212008930E+001
  0.500090136881979E+001  0.695263631910102E+000  0.904780375469420E+002  0.909720447224562E+000  0.294674620527675E+000  0.190914642548986E-001  0.100839662181953E+000 -0.178131890988154E+001 -0.193456767945170E+001
  0.499716283282500E+001  0.695561905727065E+000  0.907368604194154E+002  0.911341046489277E+000  0.297361817166979E+000  0.187434279633829E-001  0.101876482817029E+000 -0.182888524319210E+001 -0.217035318031931E+001
  0.499805587500398E+001  0.695815294747556E+000  0.903823359551801E+002  0.906040186684612E+000  0.299767037497256E+000  0.186470800986682E-001  0.100323691241607E+000 -0.185891664393170E+001 -0.193726554512995E+001
  0.499354386429694E+001  0.704949400316605E+000  0.917631131406387E+002  0.896032545131077E+000  0.306648961488781E+000  0.171550612534212E-001  0.103075573758521E+000 -0.182709427867147E+001 -0.232642229483932E+001
  0.499826118723883E+001  0.694900162442491E+000  0.903851101364003E+002  0.904183342937624E+000  0.298098731661275E+000  0.196212374495270E-001  0.999783566863531E-001 -0.177794521226216E+001 -0.270180557371406E+001
  0.499765945882146E+001  0.694945461478284E+000  0.907445379308891E+002  0.910066772238045E+000  0.299510671655534E+000  0.193161446409031E-001  0.101847855096287E+000 -0.182762255190023E+001 -0.200740130711990E+001
  0.499463213485041E+001  0.704787595312852E+000  0.917168807998976E+002  0.896744764424629E+000  0.307339218960364E+000  0.173287760963771E-001  0.103008454580433E+000 -0.184272158391021E+001 -0.222221504120471E+001
  0.500037039838931E+001  0.694855369330973E+000  0.901923346288388E+002  0.908118079991420E+000  0.294155070110195E+000  0.191443592770438E-001  0.998106908406426E-001 -0.189212411097202E+001 -0.192393700513889E+001
  0.499965865228577E+001  0.695151942752268E+000  0.904056110901658E+002  0.906953080057694E+000  0.298017936560822E+000  0.188670025568669E-001  0.100540495580199E+000 -0.175057025618104E+001 -0.215956428977248E+001
  0.500071902597812E+001  0.689417350866510E+000  0.897869300643973E+002  0.914302135510098E+000  0.289356988448072E+000  0.206430569637420E-001  0.989975526110619E-001 -0.187551968578642E+001 -0.195043267191692E+001
  0.500159098732049E+001  0.687579454376374E+000  0.898746895030951E+002  0.918174832644464E+000  0.291958495824841E+000  0.209847666874403E-001  0.997944913394143E-001 -0.176626985893164E+001 -0.201813033223525E+001
  0.500061016474213E+001  0.689590042206377E+000  0.898196705388395E+002  0.909770537127519E+000  0.294809732900873E+000  0.205658660424346E-001  0.992310577213234E-001 -0.191001979839255E+001 -0.200667237059093E+001
  0.500083662111340E+001  0.690487107255848E+000  0.901562608998492E+002  0.906582433211858E+000  0.297835613864381E+000  0.208486778317146E-001  0.997087118196450E-001 -0.177626851809111E+001 -0.193914169592964E+001
  0.499513011156560E+001  0.700670498488949E+000  0.910181657541237E+002  0.899002066642583E+000  0.301083609784851E+000  0.179621249007538E-001  0.101511677652096E+000 -0.184234118584490E+001 -0.197558585160151E+001
  0.499800272319596E+001  0.696403178166810E+000  0.905844310892325E+002  0.906055622063082E+000  0.301491488840218E+000  0.190769669408612E-001  0.100694892199095E+000 -0.179469940002305E+001 -0.194982485051482E+001
  0.500148470862833E+001  0.689033135721813E+000  0.901486278723590E+002  0.914525927276758E+000  0.293091366905776E+000  0.209839336118510E-001  0.100357084125175E+000 -0.170339429756529E+001 -0.191734151339653E+001
  0.500478053703764E+001  0.686233930684669E+000  0.894323737233672E+002  0.914711231342062E+000  0.291576752380970E+000  0.213746979202763E-001  0.981124848641211E-001 -0.185603266385107E+001 -0.192083756824902E+001
  0.500017821955999E+001  0.695964032981697E+000  0.905361950853944E+002  0.903736154053281E+000  0.300804083587149E+000  0.191008968948790E-001  0.100430611080779E+000 -0.180328400477114E+001 -0.195950104054277E+001
  0.499709649092883E+001  0.692908653108228E+000  0.903247469020565E+002  0.909979451202279E+000  0.295955470985189E+000  0.197158744852460E-001  0.100327981568977E+000 -0.186224410064426E+001 -0.199789343885484E+001
  0.499646391539541E+001  0.695183559003256E+000  0.908180252561870E+002  0.905022427000304E+000  0.298925358782090E+000  0.193091522108930E-001  0.101844105609348E+000 -0.167823799004121E+001 -0.204210673066415E+001
  0.499366010593275E+001  0.702640740196071E+000  0.917772478694729E+002  0.895952687624060E+000  0.309517377273506E+000  0.177641908211902E-001  0.103578334830485E+000 -0.180407460219981E+001 -0.192472480771675E+001
  0.499882886382117E+001  0.692320501713398E+000  0.902500614508273E+002  0.911329894558885E+000  0.294531017352672E+000  0.199886177229892E-001  0.100271443578482E+000 -0.164893730222662E+001 -0.205651558196890E+001
  0.499315000118836E+001  0.701401726508079E+000  0.915700106979908E+002  0.894439520031788E+000  0.306605649860197E+000  0.181870847907763E-001  0.103099896519813E+000 -0.183090972097612E+001 -0.200294552184254E+001
  0.499534563211377E+001  0.700706075517300E+000  0.915212025460132E+002  0.903757417404279E+000  0.305510135578428E+000  0.181961457063680E-001  0.103219671187303E+000 -0.181734580820284E+001 -0.197872845907615E+001
  0.500123821957515E+001  0.690186901750365E+000  0.901464350387474E+002  0.911632449937530E+000  0.295370333100064E+000  0.207438339126635E-001  0.999714789687458E-001 -0.165158036375994E+001 -0.281047635216990E+001
  0.500064297697972E+001  0.688954529380198E+000  0.897003313671821E+002  0.913197043125041E+000  0.290981314933734E+000  0.208204964124301E-001  0.987219953232033E-001 -0.186166144393958E+001 -0.203802418800318E+001
  0.500025659232508E+001  0.691241811394401E+000  0.901436416733120E+002  0.915087907491361E+000  0.293037443480557E+000  0.197271855337882E-001  0.100682659180189E+000 -0.188404947420711E+001 -0.194655198118521E+001
  0.499621345675051E+001  0.694968969769765E+000  0.909223607591366E+002  0.903271592922577E+000  0.300005939738895E+000  0.197578074663175E-001  0.102044466256569E+000 -0.174077109879559E+001 -0.198679604767471E+001
  0.499595612252403E+001  0.698211974951758E+000  0.911082554270918E+002  0.901347100386905E+000  0.301660519581704E+000  0.189666706561461E-001  0.101988105087943E+000 -0.168284107453926E+001 -0.191983825781983E+001
  0.499479891493746E+001  0.702557393571510E+000  0.916786807418303E+002  0.901454893051618E+000  0.303764773727729E+000  0.176578273807244E-001  0.103390902675945E+000 -0.182153783685202E+001 -0.283418159484454E+001
  0.499886081781082E+001  0.696760864598960E+000  0.908735349245006E+002  0.903963989792688E+000  0.304039875478140E+000  0.191952752743421E-001  0.101309751392372E+000 -0.182860970859108E+001 -0.213071824739370E+001
  0.499921196369663E+001  0.693241261529215E+000  0.905230149356368E+002  0.908179023086578E+000  0.297838737380860E+000  0.195102186804405E-001  0.101469602249066E+000 -0.188138822677003E+001 -0.194197904000207E+001
  0.499618389721647E+001  0.692359585483209E+000  0.906533730974479E+002  0.907796859505756E+000  0.299230223489786E+000  0.204855838021694E-001  0.101438888835120E+000 -0.190290930897683E+001 -0.193588201661045E+001
  0.499956203484988E+001  0.693478473125319E+000  0.907799433773191E+002  0.912139202142799E+000  0.295763841685891E+000  0.199386559720170E-001  0.102075855145568E+000 -0.186562586487233E+001 -0.198453143461861E+001
  0.499841817693201E+001  0.693657865833077E+000  0.903000564344685E+002  0.906901795873234E+000  0.298472054045600E+000  0.198068675137852E-001  0.100186717115276E+000 -0.184616360039882E+001 -0.193134385460981E+001
  0.500028102835496E+001  0.692027310557097E+000  0.903734892735979E+002  0.916376824297178E+000  0.293742448621802E+000  0.200713499802510E-001  0.100817321324444E+000 -0.188990491239627E+001 -0.199570195439708E+001
  0.499909142168967E+001  0.696672833090147E+000  0.908477819296403E+002  0.908911332415549E+000  0.299087565571914E+000  0.193244314886548E-001  0.101477415088918E+000 -0.190330119440723E+001 -0.218491782472727E+001
  0.499568573564445E+001  0.694671187543280E+000  0.907359671200395E+002  0.905861432905165E+000  0.298640966654374E+000  0.191735627677040E-001  0.101959479610747E+000 -0.187324325184839E+001 -0.221143807025780E+001
  0.499645187248921E+001  0.692706212748866E+000  0.904383449543937E+002  0.911023058099099E+000  0.294472447130718E+000  0.196276502127055E-001  0.101045996223730E+000 -0.188944071766765E+001 -0.200651327286980E+001
  0.499761669323320E+001  0.699843463238535E+000  0.908076619883595E+002  0.899366150096152E+000  0.304041243784005E+000  0.182093080154530E-001  0.100662401452500E+000 -0.188986607764368E+001 -0.192846319333373E+001
  0.499855043847639E+001  0.692876540281177E+000  0.900794767014608E+002  0.911113451757714E+000  0.292944480091292E+000  0.197310232281230E-001  0.996190500425720E-001 -0.187919408247840E+001 -0.201502772956888E+001
  0.499664702002806E+001  0.700051817230318E+000  0.914384440947761E+002  0.901201693582937E+000  0.304245437193462E+000  0.182272269446776E-001  0.103097929181237E+000 -0.172624260535960E+001 -0.218859380071317E+001
  0.500216505958604E+001  0.686238791811099E+000  0.895424260691379E+002  0.915991010723444E+000  0.291514252940002E+000  0.212126413174583E-001  0.988685067048555E-001 -0.188174202427493E+001 -0.203618678934333E+001
  0.500275280627178E+001  0.688906722826796E+000  0.896492376601282E+002  0.917809371693682E+000  0.288822422942118E+000  0.203988537636075E-001  0.987351300880416E-001 -0.182462942910354E+001 -0.200208093606422E+001
  0.499732830182931E+001  0.693844846637050E+000  0.907184727909356E+002  0.908881204201070E+000  0.298385998163939E+000  0.197012551386903E-001  0.101744262022374E+000 -0.167333520264517E+001 -0.191009502512413E+001
