  0.100000000000000E+001  0.514038041441995E+007  0.584801299954157E+001  0.260932338442366E+000  0.127503702494840E+003  0.965487848270568E+000  0.435738087585570E+000 -0.643321185056587E-001  0.166899407273090E+000
  0.100000000000000E+001  0.427800176108773E+005  0.429665503364713E+001  0.779263904686557E+000  0.883511944807269E+002  0.759879431811058E+000  0.596893215648853E-001  0.265976823545168E-001  0.828039873257945E-001
  0.100000000000000E+001  0.203998297584823E+006  0.541581269099945E+001  0.492123859631233E+000  0.517672977181607E+002  0.110948415385470E+001  0.484282573482627E+000 -0.124799874602967E+000  0.130874067245198E+000
  0.100000000000000E+001  0.568625576151294E+007  0.481349984442978E+001  0.387366879299812E+000  0.125885094784862E+003  0.127688505166836E+001  0.505151608720299E+000 -0.177330556681935E+000 -0.145543018787475E+000
  0.100000000000000E+001  0.492746937406760E+006  0.462937970377626E+001  0.469425337685256E+000  0.542093485297302E+002  0.884014787422750E+000  0.286597985839159E+000  0.119832670699079E+000  0.158345923746856E+000
  0.100000000000000E+001  0.183060735551476E+006  0.543765321300894E+001  0.576298471737270E+000  0.868675632103795E+002  0.947700112060952E+000  0.551348864691252E+000 -0.147214503794501E+000  0.782666315380420E-001
  0.100000000000000E+001  0.660413708051400E+005  0.509833711734937E+001  0.303391755523341E+000  0.858881567170727E+002  0.563428164447347E+000  0.329399454556411E+000  0.108298939142041E-001  0.818865882930979E-001
  0.100000000000000E+001  0.350806643192620E+007  0.463541422406434E+001  0.436689163416671E+000  0.107755190718693E+003  0.761408012994867E+000  0.596555970976394E+000  0.478231609429874E-001 -0.175865659459001E+000
  0.100000000000000E+001  0.175296050259679E+006  0.557380804030366E+001  0.456776391840009E+000  0.104674672901925E+003  0.402244644498237E+000  0.516409052790547E+000  0.153260926982604E+000  0.881010372740719E-001
  0.100000000000000E+001  0.345068797026205E+007  0.438832773544063E+001  0.533658268763862E+000  0.107833059527644E+003  0.510717652923341E+000  0.917898102295638E-002 -0.191487978869399E+000 -0.173657777783709E+000
  0.100000000000000E+001  0.328086340420794E+006  0.551835072604602E+001  0.700729306860391E+000  0.103641249365563E+003  0.409983516037721E+000  0.432463438839361E+000  0.133317873432999E+000  0.109278335634024E+000
  0.100000000000000E+001  0.166801149047279E+006  0.555548506732822E+001  0.932428473516739E+000  0.625087930858830E+002  0.120135983706849E+001  0.179216590334680E+000  0.125000931190928E+000 -0.113614090093457E+000
  0.100000000000000E+001  0.395549567036802E+006  0.511715344851988E+001  0.263467165295433E+000  0.399194656607474E+002  0.772297202089307E+000  0.409916566734430E+000  0.659661458604017E-001 -0.183809855875417E+000
  0.100000000000000E+001  0.193606589380004E+006  0.473723127568719E+001  0.949658676093341E+000  0.118403138789678E+003  0.115655863155052E+001  0.169433666401346E+000  0.129578320400989E+000  0.358620687727652E-001
  0.100000000000000E+001  0.361701994984720E+006  0.540882076951267E+001  0.431325634342941E+000  0.347263340207645E+002  0.542272202050218E+000  0.365036604864382E+000 -0.196265749752768E+000  0.104927174191452E+000
  0.100000000000000E+001  0.222417270172670E+006  0.461819280649707E+001  0.318284415514795E+000  0.135868171928748E+003  0.118396874009243E+001  0.237539415076715E+000  0.185427475861384E+000  0.121523448206533E+000
  0.100000000000000E+001  0.188573534159264E+006  0.507205891442870E+001  0.535181437995868E+000  0.304607733097606E+002  0.711343206695870E+000  0.490710079040021E+000 -0.535159483016498E-001 -0.983272128947529E-001
  0.100000000000000E+001  0.158020585118556E+006  0.564863899357873E+001  0.303158247094701E+000  0.136576968879203E+003  0.638287615440140E+000  0.360533991488384E-001  0.871679733968932E-001  0.135617388754466E+000
  0.100000000000000E+001  0.437037313295271E+006  0.451207721871282E+001  0.264928399089088E+000  0.152334609043285E+003  0.674736332032972E+000  0.411426142821755E+000 -0.206759123941659E-001 -0.185756881579237E+000
  0.100000000000000E+001  0.515764684854683E+005  0.443653266882712E+001  0.617096839739984E+000  0.116203342591311E+003  0.942083499948274E+000  0.492361582937266E+000  0.141290317418443E+000  0.105409073077162E+000
  0.100000000000000E+001  0.172353276972679E+006  0.456638794322788E+001  0.598746531870353E+000  0.446032102161113E+002  0.981288456459201E+000  0.308190087842650E+000  0.776550462084692E-001 -0.530159457281255E-001
  0.100000000000000E+001  0.496181229217313E+006  0.457964259831452E+001  0.865072320317092E+000  0.346021997630493E+002  0.658750958851662E+000  0.595327303783244E+000  0.762416612319853E-001  0.784630499420041E-001
  0.100000000000000E+001  0.843588146602794E+005  0.472802596434433E+001  0.835114244340578E+000  0.527943192002150E+002  0.112778845436743E+001  0.852483478406030E-001 -0.431221049531830E-001  0.131261834989676E+000
  0.100000000000000E+001  0.681926760104791E+006  0.579131978627978E+001  0.986515162171358E+000  0.582980079530964E+002  0.756636335204702E+000  0.435022796827706E+000 -0.162471825388488E+000 -0.186169657296584E+000
  0.100000000000000E+001  0.119231626246236E+007  0.555725149579213E+001  0.518571404759568E+000  0.204472284839500E+002  0.120385743308858E+001  0.358484843752483E+000  0.162693042812703E+000  0.167379816397473E+000
  0.100000000000000E+001  0.248058311247350E+006  0.582036002984264E+001  0.564249587495529E+000  0.456534822880757E+002  0.813437516644754E+000  0.285238910375358E+000 -0.812020409256490E-001  0.101326735330575E+000
  0.100000000000000E+001  0.467435190538742E+006  0.469234996732159E+001  0.912227811498568E+000  0.894091610117236E+002  0.385504775058937E+000  0.306826740450381E+000  0.102741838080480E+000 -0.263609995309477E-001
  0.100000000000000E+001  0.282928051738978E+006  0.402200566237453E+001  0.542013945660622E+000  0.891137479197910E+002  0.650988512385889E+000  0.124357171099320E+000 -0.644055418717237E-001  0.138938078531634E-001
  0.100000000000000E+001  0.178687917475239E+006  0.543074177440542E+001  0.599383780143338E+000  0.922093135561923E+002  0.829778511691997E+000  0.342060191935851E+000  0.150952962694950E+000  0.148942524730563E+000
  0.100000000000000E+001  0.315813805655910E+007  0.487182426364498E+001  0.912131375414334E+000  0.548450323750364E+002  0.635508321519837E+000  0.429256787346582E+000  0.722689179503068E-001 -0.171208273110830E+000
  0.100000000000000E+001  0.358482935451124E+007  0.522791067106164E+001  0.290063392976483E+000  0.107812834407578E+003  0.767137529792003E+000  0.134927937390062E+000 -0.147254695241614E+000 -0.302362157540917E-001
  0.100000000000000E+001  0.263473218382170E+006  0.455740740490086E+001  0.906183222519713E+000  0.759668712333758E+002  0.734269587731419E+000  0.118156133079917E+000  0.167117934841858E+000 -0.800441440408509E-001
  0.100000000000000E+001  0.309983124041437E+005  0.475223921135200E+001  0.504252400213003E+000  0.724762492900053E+002  0.857568778316588E+000  0.438081530302244E+000 -0.416699049027352E-001 -0.900087394376362E-002
  0.100000000000000E+001  0.170997371409680E+008  0.470922500133688E+001  0.748378979868050E+000  0.116102828340695E+003  0.376721718052601E+000  0.125364334560055E-001 -0.179779803960861E-002 -0.666946435332764E-001
  0.100000000000000E+001  0.139989500682497E+005  0.490011492090466E+001  0.807035019771766E+000  0.681380608374479E+002  0.888602572197768E+000  0.337313502335949E+000 -0.111037210727262E-001 -0.117355594585267E-001
  0.100000000000000E+001  0.230838661842771E+006  0.492096213511282E+001  0.677767914124043E+000  0.553241227345696E+002  0.455150731886155E+000  0.104526423711782E+000 -0.143290428955170E+000 -0.121956786708258E+000
  0.100000000000000E+001  0.147224220669743E+006  0.525109818492632E+001  0.809063921779799E+000  0.111872624454535E+003  0.992459076321646E+000  0.179462218700562E+000 -0.199055565739805E+000  0.157986708744337E+000
  0.100000000000000E+001  0.125509295824251E+007  0.436262495846167E+001  0.876345782098407E+000  0.516927390593060E+002  0.430660915308631E+000  0.162539067212951E+000  0.890680903520461E-001  0.556852280993979E-001
  0.100000000000000E+001  0.382542569767589E+007  0.481496390892048E+001  0.236471711164194E+000  0.107912832272963E+003  0.103427597107993E+001  0.556560807569774E+000  0.114575878556280E+000 -0.143082642321500E+000
  0.100000000000000E+001  0.902772208496422E+005  0.444830530288918E+001  0.472639597325111E+000  0.508101406153891E+002  0.126984966378276E+001  0.495425839216236E+000  0.177632918719234E-001 -0.887405521354628E-002
  0.100000000000000E+001  0.992755985563838E+005  0.485958039619076E+001  0.787828049200200E+000  0.125847066819655E+003  0.783362818692180E+000  0.502579132474505E-001 -0.491849987447300E-001  0.811954909490620E-001
  0.100000000000000E+001  0.140529357598853E+007  0.418573133534514E+001  0.528966943253065E+000  0.147493106016315E+003  0.650395345206453E+000  0.328815063705104E-001 -0.175705497143148E+000 -0.187120294947440E+000
  0.100000000000000E+001  0.192024745040786E+006  0.545675915458482E+001  0.686801848703786E+000  0.141368869399606E+003  0.910776538790827E+000  0.149911217769646E+000 -0.371370372248299E-001  0.575250253181386E-001
  0.100000000000000E+001  0.947657320309494E+005  0.538894739711415E+001  0.791787106574180E+000  0.121473002035723E+003  0.823609138874870E+000  0.155691437031957E+000  0.123032720792034E+000  0.689374395028475E-003
  0.100000000000000E+001  0.194190564640467E+006  0.586785393825142E+001  0.889592260895952E+000  0.527176607284033E+002  0.635926605388858E+000  0.157988041720761E+000 -0.194188189533078E+000  0.600026918542059E-001
  0.100000000000000E+001  0.415470594849588E+005  0.475149271666904E+001  0.995461808386129E+000  0.665673109861793E+002  0.411374342500655E+000  0.253574729285180E+000 -0.622320355156148E-001  0.107968126396236E+000
  0.100000000000000E+001  0.801078121925858E+006  0.548658633301807E+001  0.799678548110150E+000  0.125521259089562E+003  0.453115092907866E+000  0.418405491041718E+000  0.152271697044401E+000  0.738342568992786E-001
  0.100000000000000E+001  0.495387224359868E+006  0.412442477006717E+001  0.966622319700942E+000  0.822650982564638E+002  0.502843525385211E+000  0.265792215700342E+000 -0.292479078161655E-001  0.172426543253570E+000
  0.100000000000000E+001  0.703796440485365E+006  0.457921890354167E+001  0.753377661875382E+000  0.504539552432171E+002  0.578628211565777E+000  0.592589976187610E+000  0.168547385762333E+000  0.322418964711564E-001
  0.100000000000000E+001  0.446764604950519E+006  0.424181968521775E+001  0.213663993520026E+000  0.131823776381563E+003  0.591612886995126E+000  0.184786218458555E+000 -0.115038004433643E+000  0.545099638835538E-001
  0.100000000000000E+001  0.843625579377599E+005  0.454304825836962E+001  0.917281865537910E+000  0.976138410139910E+002  0.372513844113225E+000  0.206155905126285E+000 -0.291212161361279E-001  0.146145313613805E-001
  0.100000000000000E+001  0.367975006994705E+005  0.540596322372536E+001  0.752150871988698E+000  0.113516112174204E+003  0.612257028549496E+000  0.495885038183580E+000  0.672913626950467E-001  0.839223217828838E-001
  0.100000000000000E+001  0.195109670404550E+007  0.540538999040572E+001  0.287127445900926E+000  0.334878056777141E+002  0.449127175633812E+000  0.143255054903642E-002  0.793178518921550E-002 -0.102054530809550E+000
  0.100000000000000E+001  0.293919472855334E+006  0.591035189824321E+001  0.443215911177025E+000  0.519818002940815E+002  0.454996623746753E+000  0.470518407352494E+000 -0.128605477025505E+000 -0.183228341672188E+000
  0.100000000000000E+001  0.291822679897704E+006  0.519846928428941E+001  0.472909221460129E+000  0.214411774045456E+002  0.122698834916927E+001  0.362696672478523E+000 -0.705135709890330E-001  0.325552783386027E-001
  0.100000000000000E+001  0.339634749933019E+006  0.428575255449622E+001  0.934429531033250E+000  0.102983170120297E+003  0.872006074450085E+000  0.126366681530594E+000 -0.338970075964205E-001 -0.645130549053275E-001
  0.100000000000000E+001  0.644408269333474E+006  0.589752694474655E+001  0.482327022842633E+000  0.319157684662190E+002  0.678586656647952E+000  0.409138778286744E+000 -0.656443749039811E-001 -0.232517448079250E-001
  0.100000000000000E+001  0.831055539931971E+005  0.505775552178441E+001  0.660756477737049E+000  0.427742211551752E+002  0.852744064127192E+000  0.570150664891360E+000  0.588853115526281E-001 -0.175892532951951E+000
  0.100000000000000E+001  0.406593857227575E+006  0.574929130318265E+001  0.926632466373004E+000  0.718187855110114E+002  0.534048325282731E+000  0.258910943476763E+000  0.496023822039730E-001  0.574901277166199E-001
  0.100000000000000E+001  0.134718086833265E+006  0.424686891630851E+001  0.274110057567500E+000  0.871119103368947E+002  0.123369378147390E+001  0.373375469411105E+000 -0.582218807912249E-001  0.192547137880329E+000
  0.100000000000000E+001  0.122908170283223E+006  0.401425079232063E+001  0.631208566557020E+000  0.154361141024781E+003  0.127080736850998E+001  0.576353993431728E+000  0.251232973549421E-001  0.264805136731077E-001
  0.100000000000000E+001  0.628214222130259E+006  0.444846154278236E+001  0.899530188391021E+000  0.575147815077710E+002  0.447902708168367E+000  0.571033962641337E+000 -0.391854253590957E-001 -0.641981775302918E-001
  0.100000000000000E+001  0.733529011285745E+006  0.451527611006792E+001  0.766888950642418E+000  0.119395772314979E+003  0.558495010240771E+000  0.195792071652032E+000  0.823527575474557E-001 -0.146199634574679E+000
  0.100000000000000E+001  0.159176430315237E+006  0.418519220900228E+001  0.729536941587285E+000  0.563878473209301E+002  0.755156685524350E+000  0.329840159951048E+000 -0.279345867767100E-001  0.115108383125973E+000
  0.100000000000000E+001  0.943002099189539E+006  0.478108688455283E+001  0.991822676012306E+000  0.149204203744197E+003  0.534713300019154E+000  0.502130038626947E+000  0.710898163405480E-001 -0.144442315580918E+000
  0.100000000000000E+001  0.533809398705878E+006  0.528818146160626E+001  0.713347570393803E+000  0.127180392229788E+003  0.129114148266896E+001  0.609229734518555E-001 -0.143519437374012E-002 -0.353941587018335E-001
  0.100000000000000E+001  0.117952713889308E+007  0.468360362997926E+001  0.494772298511778E+000  0.351276366262872E+002  0.946773815717509E+000  0.151559877250705E+000  0.161870941308924E+000  0.137821488329198E+000
  0.100000000000000E+001  0.266269134361000E+006  0.498579739819376E+001  0.287703367277936E+000  0.150333260915302E+003  0.102343042177214E+001  0.188688287306534E+000 -0.424274114235109E-001  0.379364647718211E-002
  0.100000000000000E+001  0.305319960738907E+006  0.597239215764078E+001  0.346722188088410E+000  0.142455005391565E+003  0.426500179186513E+000  0.376673589320408E+000  0.111062212967337E+000  0.187337662186480E+000
  0.100000000000000E+001  0.595178409976214E+007  0.460348847669852E+001  0.253491247764249E+000  0.108665303832009E+003  0.127194731034349E+001  0.504337694097428E+000 -0.275125394822215E-001 -0.650124778001357E-001
  0.100000000000000E+001  0.338482465272998E+006  0.502530348365866E+001  0.962548763713188E+000  0.670746152479114E+002  0.734044452852975E+000  0.545758860997019E+000  0.501594139602979E-002  0.193240163932349E+000
  0.100000000000000E+001  0.158356548727876E+007  0.493522604136752E+001  0.750665266555888E+000  0.123693485390866E+003  0.417638750194622E+000  0.517452195686972E-001 -0.722236989099747E-001 -0.571893414050240E-001
  0.100000000000000E+001  0.455017359775224E+007  0.436981182010803E+001  0.833491958329104E+000  0.108229375907914E+003  0.858306626492685E+000  0.310762773256446E+000 -0.124390801832546E+000 -0.105788115005692E+000
  0.100000000000000E+001  0.868213992822225E+008  0.416500627600331E+001  0.521017377326652E+000  0.132120361194764E+003  0.660812285211641E+000  0.407001077645575E+000 -0.191722753371270E+000  0.165046471504442E+000
  0.100000000000000E+001  0.214532751910594E+006  0.421009524373002E+001  0.287023986347987E+000  0.339714946012141E+002  0.126457269013212E+001  0.462794963690352E-002  0.687325113454929E-003 -0.159614385548571E+000
  0.100000000000000E+001  0.243001489453891E+006  0.547191548462157E+001  0.427337693695688E+000  0.139816718243258E+003  0.117556702008663E+001  0.113379801054685E+000  0.139695885942783E+000  0.174439973855598E+000
  0.100000000000000E+001  0.119116374521589E+006  0.444763951647304E+001  0.389298859036052E+000  0.323103031170007E+002  0.110956525460169E+001  0.164767978822672E+000 -0.875185601820544E-001 -0.153268038251696E+000
  0.100000000000000E+001  0.111752000998413E+006  0.413366279714273E+001  0.909738402520788E+000  0.134153620639422E+003  0.630746430168320E+000  0.502372307004600E+000  0.118826651094751E+000 -0.125626277111257E+000
  0.100000000000000E+001  0.210631291385739E+007  0.544915064996317E+001  0.582288254405783E+000  0.139290052246355E+003  0.116691313682118E+001  0.380474446722493E+000 -0.600752955601983E-001 -0.705325951416328E-001
  0.100000000000000E+001  0.111516126983287E+006  0.462037198170022E+001  0.657263492091705E+000  0.124106246208923E+003  0.415172401913048E+000  0.605752557333319E-001  0.168329620647838E+000 -0.287908733381513E-001
  0.100000000000000E+001  0.602768106209334E+006  0.591783673093133E+001  0.706609742533516E+000  0.104877169711040E+003  0.128839945319788E+001  0.465103943885419E+000  0.624363619289057E-001 -0.884728298873051E-001
  0.100000000000000E+001  0.110080670888027E+006  0.513446079077834E+001  0.399215831981144E+000  0.579366089266491E+002  0.109402104895684E+001  0.403295943075297E+000 -0.194515459500592E+000 -0.997419069194978E-001
  0.100000000000000E+001  0.377636969457789E+006  0.573241715510740E+001  0.598353398049886E+000  0.666174387502171E+002  0.438784231526263E+000  0.591396006812230E-001 -0.172830062870670E+000 -0.855064743745170E-001
  0.100000000000000E+001  0.697866405763597E+005  0.437605703858141E+001  0.791778538304477E+000  0.138997987395235E+003  0.112150558278234E+001  0.580677066687028E+000  0.454069391483209E-001  0.142030744270892E-001
  0.100000000000000E+001  0.272930950403346E+006  0.489543234312747E+001  0.674050356130729E+000  0.147856096708880E+003  0.366545325225039E+000  0.199447334390211E+000  0.198875811421319E-001 -0.384916113656427E-001
  0.100000000000000E+001  0.317244639699638E+007  0.486880653464350E+001  0.226363060297711E+000  0.980793754976150E+002  0.112544857882802E+001  0.335345518206115E+000  0.936512940443928E-001 -0.197176704533912E+000
  0.100000000000000E+001  0.382941366441466E+006  0.529880047302278E+001  0.980792325626550E+000  0.728948891790047E+002  0.122457115212779E+001  0.581834111388099E+000 -0.152213455591257E+000 -0.537161234167974E-002
  0.100000000000000E+001  0.161567128533401E+006  0.498225415240288E+001  0.703073319047554E+000  0.814341617087239E+002  0.110065077861379E+001  0.190535157833693E+000 -0.124053447058142E+000  0.435571502600554E-002
  0.100000000000000E+001  0.642590058652902E+005  0.527156581711300E+001  0.747547564583710E+000  0.615345930175108E+002  0.108497840414626E+001  0.546016317133417E+000 -0.155679595933196E+000  0.133911730677807E+000
  0.100000000000000E+001  0.643348585786534E+005  0.567420990550174E+001  0.671599067566655E+000  0.746208259314656E+002  0.100288632582013E+001  0.543741678349322E+000 -0.781934209548974E-001  0.130471415346111E+000
  0.100000000000000E+001  0.365206111718020E+005  0.534160711579289E+001  0.596402294063993E+000  0.792751876455849E+002  0.453717027409777E+000  0.449584563447447E+000  0.924709851432878E-001 -0.483955226412799E-001
  0.100000000000000E+001  0.156721230230415E+008  0.522954060693560E+001  0.910625125233612E+000  0.487859137872336E+002  0.307439509325472E+000  0.267822752358991E+000  0.168449447071203E+000  0.445088691357255E-001
  0.100000000000000E+001  0.783439293873152E+005  0.576063919367331E+001  0.537571393706930E+000  0.711529382613083E+002  0.917125779454670E+000  0.235480691617134E+000  0.894908563469028E-001  0.401758303133754E-001
  0.100000000000000E+001  0.200350598503225E+008  0.568653281322203E+001  0.330773733362974E+000  0.141948775860099E+003  0.716190209388795E+000  0.244963430658808E+000 -0.197354034056478E+000  0.327580654329146E-001
  0.100000000000000E+001  0.575021574697865E+006  0.584638370884193E+001  0.621739305621329E+000  0.139735759148946E+003  0.704590834838009E+000  0.210124068353267E+000 -0.896967463859195E-001 -0.558011434079525E-002
  0.100000000000000E+001  0.524591942350016E+005  0.540539405563038E+001  0.957072766645631E+000  0.124659153497486E+003  0.126821109939158E+001  0.534358266959349E+000 -0.133332123092365E+000  0.938326583680778E-001
  0.100000000000000E+001  0.880888929275402E+006  0.502549113678973E+001  0.579928809069783E+000  0.340903771831381E+002  0.774373978405952E+000  0.412007394837300E+000  0.172304854410222E+000 -0.482740469090834E-001
  0.100000000000000E+001  0.120032745845280E+006  0.546356980039267E+001  0.848229790347675E+000  0.614394799369574E+002  0.781917799474278E+000  0.595543617000911E+000 -0.918032716528801E-001  0.176311410200922E+000
  0.100000000000000E+001  0.570859602978544E+007  0.452090693553597E+001  0.793113546050165E+000  0.119379525130061E+003  0.102764237929017E+001  0.115137416271730E+000 -0.987164374924404E-001 -0.199773067664708E+000
  0.100000000000000E+001  0.117101193168271E+007  0.552204909356252E+001  0.846317264229899E+000  0.113527336271172E+003  0.896609079255202E+000  0.337964878476995E+000  0.772122636213441E-001 -0.186913175390555E+000
  0.100000000000000E+001  0.431733831828168E+006  0.533757812817263E+001  0.749612078485141E+000  0.579062287733622E+002  0.542849074543565E+000  0.601817373315749E-001 -0.194397067007929E+000 -0.114085737096856E+000
  0.100000000000000E+001  0.635872951600831E+005  0.492074497575154E+001  0.495841061274048E+000  0.951896679520589E+002  0.733414359382864E+000  0.362793430849700E-001 -0.891139902348720E-002  0.142846320395794E+000
  0.100000000000000E+001  0.632454499183891E+006  0.517165459809668E+001  0.539420158252787E+000  0.369791324997751E+002  0.841779542248192E+000  0.445483380904496E+000  0.118440096538100E+000 -0.631892007444543E-001
  0.100000000000000E+001  0.141262125359774E+007  0.445492041557639E+001  0.745001478610564E+000  0.113950420849195E+003  0.467132320974908E+000  0.427527661784987E+000 -0.154338463476683E+000 -0.532056669143798E-001
  0.100000000000000E+001  0.674051193088121E+005  0.532384323381663E+001  0.781890554276451E+000  0.578410241566061E+002  0.533087507358702E+000  0.288808559703855E-001 -0.142717409732564E+000  0.534859922588630E-001
  0.100000000000000E+001  0.977887562220664E+006  0.562963994652334E+001  0.764277452475475E+000  0.125373964834272E+003  0.422871218804000E+000  0.336091473439915E+000 -0.693048763025771E-001 -0.176562764621384E+000
  0.100000000000000E+001  0.111406656528034E+006  0.465881021886765E+001  0.459039449499192E+000  0.399372925283016E+002  0.120611585986101E+001  0.446398323487622E+000  0.554570681267139E-001 -0.166369003926147E+000
  0.100000000000000E+001  0.621008510727551E+006  0.489622859002920E+001  0.364047857701767E+000  0.291189751833672E+002  0.117744703068565E+001  0.301802037874231E+000  0.750417222682456E-001  0.599516418910168E-001
  0.100000000000000E+001  0.274184885223227E+006  0.495764571665283E+001  0.741253979007868E+000  0.576534762106746E+002  0.631561530004763E+000  0.121830558709008E+000  0.641447583394011E-001  0.609032511068420E-001
  0.100000000000000E+001  0.424540874899629E+006  0.483736689503680E+001  0.504163883045789E+000  0.448571335535949E+002  0.867360168281120E+000  0.265402774071426E+000  0.131714532267889E+000 -0.534901943693986E-001
  0.100000000000000E+001  0.161489945729016E+007  0.505357286816591E+001  0.337467106316749E+000  0.131719432083124E+003  0.102864575880523E+001  0.433266813245645E+000 -0.109362661679214E+000  0.216404711358065E-001
  0.100000000000000E+001  0.130781408749434E+006  0.521061169294954E+001  0.281726785205081E+000  0.594325448676918E+002  0.393710367863618E+000  0.766961583647106E-001 -0.195146187895033E+000  0.306769101380098E-001
  0.100000000000000E+001  0.564975315782044E+006  0.500444555858360E+001  0.998561932520199E+000  0.746922602921268E+002  0.382762062899289E+000  0.575211158704415E+000 -0.144414204417292E+000 -0.512300361336910E-001
  0.100000000000000E+001  0.262926167568385E+006  0.435930357818260E+001  0.535110296338924E+000  0.357128992930601E+002  0.108856309107157E+001  0.345951462789836E+000  0.120057751058849E+000 -0.356655769673464E-001
  0.100000000000000E+001  0.858306882928039E+005  0.449671508876615E+001  0.847736144094344E+000  0.148622348004202E+003  0.785937342499713E+000  0.318265696669403E+000  0.723918875589985E-001 -0.564034483767704E-001
  0.100000000000000E+001  0.698825006008741E+006  0.466073699083129E+001  0.398175594372647E+000  0.142934779570262E+003  0.316411589847167E+000  0.210567882275306E+000 -0.150242865255809E+000  0.102650094384980E+000
  0.100000000000000E+001  0.287370100775223E+006  0.407807873143141E+001  0.639132299900755E+000  0.319237528103815E+002  0.112495389548780E+001  0.325567433898913E+000 -0.186290732883329E+000 -0.199460513122380E+000
  0.100000000000000E+001  0.655315999866088E+006  0.506581972009861E+001  0.568602228365196E+000  0.137761425523888E+003  0.729986752413026E+000  0.131445885314785E+000  0.109144129506907E+000 -0.182510874127888E+000
  0.100000000000000E+001  0.256171839178830E+005  0.554773734900078E+001  0.384252478103328E+000  0.927158505264762E+002  0.831007219441107E+000  0.493387367242830E+000  0.199227899232944E+000  0.135623154495552E+000
  0.100000000000000E+001  0.105351551843424E+007  0.584421367886524E+001  0.560108752558719E+000  0.106931252686809E+003  0.897728500380194E+000  0.331359826784659E+000 -0.556878570656938E-002 -0.178674487465410E+000
  0.100000000000000E+001  0.155733920511946E+007  0.534193311373235E+001  0.222220124255281E+000  0.129460183872093E+003  0.955418833462967E+000  0.427228921511310E+000 -0.130422374410777E+000  0.743217613376167E-001
  0.100000000000000E+001  0.209137457865892E+007  0.506229743099624E+001  0.811109609328500E+000  0.960806385183035E+002  0.894402392524368E+000  0.442307004500149E+000  0.109238806435149E+000 -0.111577106704859E+000
  0.100000000000000E+001  0.475164185708593E+006  0.582172831350914E+001  0.819434247824598E+000  0.105150862357942E+003  0.104947068007565E+001  0.592095620993994E+000  0.143921862963890E+000  0.598859616941565E-001
  0.100000000000000E+001  0.966198068349982E+006  0.588085280807059E+001  0.695776464995012E+000  0.123681870633239E+003  0.114617063801145E+001  0.265725046106450E+000  0.740407682683472E-001 -0.149957602917717E+000
  0.100000000000000E+001  0.705743360571066E+006  0.586063270123672E+001  0.533583511228767E+000  0.461872423464029E+002  0.128782783684851E+001  0.413611772356844E+000  0.126482652011906E-001  0.138465725549872E+000
  0.100000000000000E+001  0.116202266925974E+006  0.425214477046214E+001  0.487476718813397E+000  0.697689323927658E+002  0.507812964681120E+000  0.218429739778337E-001  0.245208030993276E-001 -0.156982438030513E+000
  0.100000000000000E+001  0.982438499556181E+006  0.533571586315215E+001  0.677231857696944E+000  0.338586257201307E+002  0.123567947546873E+001  0.562010083318816E+000 -0.105864811573731E+000 -0.177511017408358E+000
  0.100000000000000E+001  0.109585250365420E+007  0.590646238050648E+001  0.745988204365751E+000  0.349752755316445E+002  0.122722012629556E+001  0.493117888071214E+000  0.189566660249575E+000  0.119528184951491E+000
  0.100000000000000E+001  0.435003665551311E+006  0.533549653547251E+001  0.526116206312919E+000  0.108344350671739E+003  0.128067579352122E+001  0.388500860952591E+000  0.230438557904796E-001  0.955208956907008E-001
  0.100000000000000E+001  0.611821087032091E+006  0.592419052919748E+001  0.412633384371722E+000  0.101966828512286E+003  0.457076161553786E+000  0.409518732834214E+000 -0.895676467735935E-001  0.364083075161187E-001
  0.100000000000000E+001  0.568804074567756E+006  0.407434407112321E+001  0.954763387103109E+000  0.117121421180924E+003  0.505718999817720E+000  0.299264984532647E+000  0.196770395048102E+000  0.113002057965049E+000
  0.100000000000000E+001  0.560194726578611E+005  0.407445926420842E+001  0.919176466841378E+000  0.557676635816440E+002  0.867977901722045E+000  0.549079302561359E+000 -0.942828785549570E-001  0.116967079885794E+000
  0.100000000000000E+001  0.397210994928849E+006  0.475616614535695E+001  0.840110538903514E+000  0.154820260957305E+003  0.958455120190296E+000  0.589876382414177E+000  0.140887541269480E+000  0.859861270493800E-001
  0.100000000000000E+001  0.134026598729342E+006  0.411743702013353E+001  0.255933004311189E+000  0.720948671173287E+002  0.119258665046716E+001  0.537346581789831E+000 -0.923632622032698E-001  0.672746905988854E-001
  0.100000000000000E+001  0.713811530453220E+006  0.427564795822755E+001  0.526173615590186E+000  0.140618584144049E+003  0.910779888180975E+000  0.425228195942231E+000 -0.969055908843956E-001 -0.102517145521981E+000
  0.100000000000000E+001  0.444312307935002E+006  0.576366646968000E+001  0.950285379954938E+000  0.143691730255351E+003  0.107481096811055E+001  0.339824275714009E+000 -0.422996223213269E-001 -0.752018175816337E-001
  0.100000000000000E+001  0.597443801685026E+006  0.548252666199368E+001  0.891708634497185E+000  0.639002509106796E+002  0.892917630145610E+000  0.284535063103524E+000 -0.152239193895719E+000 -0.101925356402181E+000
  0.100000000000000E+001  0.194380255480631E+006  0.552754775442005E+001  0.875678955551082E+000  0.978547472787704E+002  0.744809751267734E+000  0.513749408954995E+000  0.195641721956750E+000 -0.871760862267557E-001
  0.100000000000000E+001  0.199123893820203E+006  0.496829907564864E+001  0.559925859151736E+000  0.554280673350671E+002  0.126059076811393E+001  0.591433899506629E+000  0.104083707787152E+000  0.370845781476948E-001
  0.100000000000000E+001  0.648605189326737E+007  0.564465519555759E+001  0.284181277566195E+000  0.126691508538683E+003  0.125379864903855E+001  0.479969430348491E+000 -0.170360657051880E+000  0.118323213366096E+000
  0.100000000000000E+001  0.103675319034287E+007  0.556685149612290E+001  0.619226934963420E+000  0.425501100232265E+002  0.885714526707374E+000  0.565410554309421E+000  0.145196987859400E+000 -0.319729320110151E-001
  0.100000000000000E+001  0.396006855808425E+006  0.429961838711109E+001  0.207476620943144E+000  0.119774811261082E+003  0.107117191481441E+001  0.507110875098103E+000  0.139689874291239E+000  0.587309699649353E-001
  0.100000000000000E+001  0.525689166181108E+006  0.587411668581900E+001  0.237488931436294E+000  0.881985356494804E+002  0.486684017458548E+000  0.308426138956581E-001 -0.135726056678736E-001 -0.130270657557902E+000
  0.100000000000000E+001  0.184428679658459E+007  0.565074673365564E+001  0.755613683499834E+000  0.374064262415762E+002  0.901644504464796E+000  0.504258361956801E+000  0.194299824536124E+000  0.198366578432951E+000
  0.100000000000000E+001  0.767532896756573E+006  0.598179689073281E+001  0.542938343183180E+000  0.637053821355868E+002  0.753739348211608E+000  0.322676041213626E+000  0.193534888990967E+000 -0.116777077148103E+000
  0.100000000000000E+001  0.186723609398304E+007  0.594280432560526E+001  0.281439010956779E+000  0.154231576227156E+003  0.100677079699471E+001  0.205687447779673E+000 -0.191401137640863E+000 -0.101006037787053E+000
  0.100000000000000E+001  0.530421589927435E+006  0.512788863926256E+001  0.541559224811512E+000  0.892209918667444E+002  0.116725745991052E+001  0.445639904644875E+000 -0.176318299640930E+000 -0.776098771119575E-001
  0.100000000000000E+001  0.444087939605915E+005  0.523191512483769E+001  0.412606731521559E+000  0.151789027518040E+003  0.537749369159140E+000  0.570087007935466E+000 -0.498752904532179E-001  0.943999716695915E-001
  0.100000000000000E+001  0.833160116310260E+006  0.463379441233004E+001  0.971771237239295E+000  0.114355055393372E+003  0.665291069729521E+000  0.448126357693865E+000  0.136048942866455E+000  0.110867454163832E+000
  0.100000000000000E+001  0.191967140777170E+007  0.556959361507646E+001  0.251156367036248E+000  0.107819460251851E+003  0.538834486285222E+000  0.384238253613202E+000 -0.164689262289602E+000  0.458101968861341E-002
  0.100000000000000E+001  0.214082582479806E+006  0.426626337147358E+001  0.641361090061197E+000  0.116965624276823E+003  0.113641763817523E+001  0.191408963682788E+000  0.883415444969391E-001 -0.289094413658071E-001
  0.100000000000000E+001  0.160243381290590E+006  0.456297999121062E+001  0.202167592425348E+000  0.151992692111892E+003  0.362615753679846E+000  0.496446221365523E+000 -0.111974493171310E+000  0.105958282262048E+000
  0.100000000000000E+001  0.280812579065874E+006  0.462137989170408E+001  0.686429790231711E+000  0.429325170184227E+002  0.880784366847431E+000  0.562246765668244E+000 -0.880203149834359E-001 -0.178056113996853E+000
  0.100000000000000E+001  0.219069838965580E+006  0.441383945297317E+001  0.242513287684482E+000  0.316553012907507E+002  0.652688394326275E+000  0.526156525849419E+000 -0.899510694745716E-001 -0.155991593893388E+000
  0.100000000000000E+001  0.384976642110562E+006  0.585551966171387E+001  0.558107717293417E+000  0.108825367532968E+003  0.364357607542968E+000  0.342931597579189E-001 -0.178684237909892E+000  0.818519150656852E-001
  0.100000000000000E+001  0.350567933069455E+006  0.592509945766263E+001  0.701988355100813E+000  0.362644357099334E+002  0.998570432569751E+000  0.226153096557190E+000 -0.107523481138066E+000 -0.143633429851530E+000
  0.100000000000000E+001  0.255259332697052E+006  0.538433551973817E+001  0.873715418765883E+000  0.908709365398897E+002  0.756262379105113E+000  0.219330074995402E+000  0.177114727081608E+000 -0.144107979380966E+000
  0.100000000000000E+001  0.105700493787400E+007  0.451825892818927E+001  0.416613214071196E+000  0.110372263016789E+003  0.954902568434134E+000  0.208692344693038E+000 -0.563015457173952E-001  0.188633856829129E+000
  0.100000000000000E+001  0.177562195202658E+006  0.515250950243867E+001  0.271901196199718E+000  0.135247551930404E+003  0.104864404036485E+001  0.495127029331087E+000  0.822167436346463E-001  0.133673308082157E+000
  0.100000000000000E+001  0.240267428156718E+006  0.558210019396733E+001  0.453652847818634E+000  0.676894240064158E+002  0.862299869236162E+000  0.295730494531381E+000 -0.808412222310411E-001 -0.151517171624988E+000
  0.100000000000000E+001  0.549792444995615E+005  0.540759107655876E+001  0.558188545796151E+000  0.541879390457415E+002  0.824984965909161E+000  0.505458793930684E+000  0.164465244806176E-001 -0.679303535290299E-001
  0.100000000000000E+001  0.305176498339490E+006  0.486816993670110E+001  0.547104962663566E+000  0.138500067177533E+003  0.104729714301699E+001  0.351088421644607E+000  0.132497271158645E-001 -0.979098166742567E-002
  0.100000000000000E+001  0.603249838085911E+007  0.489870569603756E+001  0.205609588000274E+000  0.107126009675840E+003  0.413279576994508E+000  0.935619980623612E-001  0.176525182653259E-001  0.163029123124769E-001
  0.100000000000000E+001  0.596434358946508E+006  0.506341456178646E+001  0.296494591550749E+000  0.139113579596160E+003  0.123639953134801E+001  0.293278269709316E+000 -0.732439226476783E-001 -0.347255449853378E-001
  0.100000000000000E+001  0.227023881582079E+006  0.453861918965142E+001  0.392769796907538E+000  0.146261210353325E+003  0.622493231930985E+000  0.526794361019098E+000 -0.944142868118709E-001  0.842304586261176E-001
  0.100000000000000E+001  0.104864514450501E+007  0.597179839367416E+001  0.464220468304454E+000  0.607641217708895E+002  0.642938507376519E+000  0.609869211492169E-001  0.183388911778027E+000  0.152979028872134E+000
  0.100000000000000E+001  0.729263779814375E+005  0.521054009937673E+001  0.235400235232598E+000  0.785300414433326E+002  0.106749278050851E+001  0.380679059153604E+000  0.111383186024498E+000 -0.100837032021228E+000
  0.100000000000000E+001  0.332028079184818E+006  0.594614110400912E+001  0.944450240372267E+000  0.143469564680049E+003  0.112135177576598E+001  0.199855701352366E+000 -0.112731989764915E+000 -0.303357439437208E-001
  0.100000000000000E+001  0.302235264048508E+006  0.416937506680164E+001  0.820981397061602E+000  0.146345409387479E+003  0.423307878648445E+000  0.122449551668814E+000 -0.497694923083337E-001 -0.416071307497248E-001
  0.100000000000000E+001  0.372167123244809E+006  0.493436866916394E+001  0.830264009990460E+000  0.137096558002706E+003  0.126233345272376E+001  0.444796476963903E+000  0.109539965350057E+000 -0.157057251322257E+000
  0.100000000000000E+001  0.204223099444818E+006  0.480612415365998E+001  0.699948476249662E+000  0.423170220471804E+002  0.102480423842432E+001  0.593080973721163E+000  0.891038561194645E-001 -0.122513263705190E-001
  0.100000000000000E+001  0.577523440844557E+005  0.496519241924373E+001  0.584729366632622E+000  0.293056591325851E+002  0.119494882362015E+001  0.285725210068156E+000 -0.834900645924359E-001 -0.182509780273947E+000
  0.100000000000000E+001  0.657306274487834E+006  0.545142260735617E+001  0.874658050168777E+000  0.111019019831242E+003  0.695261245664863E+000  0.836750091785097E-001 -0.147403772733636E+000 -0.154299219862741E+000
  0.100000000000000E+001  0.583514734271349E+006  0.542631510359067E+001  0.799488053109588E+000  0.519013838064349E+002  0.624930671538872E+000  0.149072575470538E+000 -0.129269506402111E+000 -0.184028205770947E+000
  0.100000000000000E+001  0.723671960099766E+006  0.472967151377537E+001  0.788935828836847E+000  0.435000022479448E+002  0.939524151265581E+000  0.506569421305618E+000  0.128957465194447E+000  0.189398471878581E+000
  0.100000000000000E+001  0.484877387856329E+006  0.599114004624218E+001  0.732656431574217E+000  0.128702299361536E+003  0.819539807204084E+000  0.213612691110893E+000 -0.187258476105870E+000 -0.495644955341058E-001
  0.100000000000000E+001  0.204186370875729E+007  0.455054692134081E+001  0.720547535240581E+000  0.640092845096783E+002  0.339763007484175E+000  0.212905901336406E+000  0.595914928262128E-001 -0.190701775192324E+000
  0.100000000000000E+001  0.340391647123129E+006  0.594760276126123E+001  0.890861995851578E+000  0.121395125404098E+003  0.878169934974098E+000  0.202822901517056E+000  0.919624168914640E-001 -0.136455307676948E+000
  0.100000000000000E+001  0.317140459006280E+006  0.407389069368863E+001  0.625556007303427E+000  0.485701654619189E+002  0.110837813666263E+001  0.487126550036054E+000  0.117833987079636E+000  0.169000818634329E+000
  0.100000000000000E+001  0.609287957716131E+005  0.547385777561493E+001  0.436135995278370E+000  0.558036518778522E+002  0.367384405217695E+000  0.121645444285672E+000 -0.885148838003619E-001  0.873823509367430E-002
  0.100000000000000E+001  0.260615689320210E+005  0.543673056259942E+001  0.862550574330763E+000  0.731464802795644E+002  0.579008709424582E+000  0.266658702387346E+000  0.712318384338970E-002  0.345050586150191E-001
  0.100000000000000E+001  0.238755868737661E+006  0.576477178817040E+001  0.222845237779383E+000  0.824551356411629E+002  0.530694878803772E+000  0.213522173526525E-001 -0.370775952996515E-001 -0.826204127617422E-001
  0.100000000000000E+001  0.838901212596318E+006  0.430170873296663E+001  0.751422785540949E+000  0.933053607792157E+002  0.824289564544145E+000  0.555191550248808E+000 -0.183724699388982E+000 -0.741226150461126E-001
  0.100000000000000E+001  0.199476877115010E+006  0.409395597692293E+001  0.303686057015927E+000  0.561757052736111E+002  0.594312668666717E+000  0.307350310952457E+000  0.112725938335697E+000 -0.140157415224535E+000
  0.100000000000000E+001  0.173190985137139E+006  0.519773519892810E+001  0.262059278448098E+000  0.894715360654772E+002  0.107419735420409E+001  0.260859983348181E+000  0.159370397372521E+000 -0.333519035559035E-001
  0.100000000000000E+001  0.567794725711046E+006  0.533592635723961E+001  0.222694028967502E+000  0.131191644809839E+003  0.958588664718904E+000  0.321624543777672E+000  0.756756134777699E-001 -0.853145010483150E-001
  0.100000000000000E+001  0.909622808687155E+006  0.587593391196341E+001  0.631694520382835E+000  0.152109492286282E+003  0.107929903794228E+001  0.126961824344607E+000  0.992306630254766E-001  0.162379094452214E+000
  0.100000000000000E+001  0.907046682120234E+006  0.554929758957083E+001  0.528452037151357E+000  0.256049615230987E+002  0.711410179814106E+000  0.379385210206692E+000 -0.378514731663746E-001  0.527667542543987E-001
  0.100000000000000E+001  0.184079493912615E+006  0.432469653258481E+001  0.645759588872950E+000  0.225213133087878E+002  0.110849055266675E+001  0.172495468374303E+000  0.111039018247675E+000 -0.113707060080691E+000
  0.100000000000000E+001  0.255188831198368E+006  0.422548871400551E+001  0.991812241957523E+000  0.280719900287173E+002  0.988391089454648E+000  0.272457979025735E+000 -0.738055773032224E-001 -0.604583166976886E-001
  0.100000000000000E+001  0.103951603688171E+007  0.574897462151646E+001  0.584648410114040E+000  0.845415146183294E+002  0.104509012731063E+001  0.565721228700726E+000 -0.133809013500351E+000 -0.186542973195517E+000
  0.100000000000000E+001  0.254361728713304E+006  0.499455812495563E+001  0.878263883205845E+000  0.443038274988683E+002  0.113902867374298E+001  0.293393389710755E+000 -0.121585704029702E+000 -0.562993104103174E-001
  0.100000000000000E+001  0.183170030155379E+006  0.486022402781932E+001  0.618484632663219E+000  0.578935205045607E+002  0.116991799241540E+001  0.215978934751760E+000 -0.193552996217118E+000 -0.951313169209914E-001
  0.100000000000000E+001  0.544035497366017E+006  0.455529729207226E+001  0.211541380466980E+000  0.130766740002478E+003  0.104988424339396E+001  0.295877156724376E+000 -0.115819125663170E+000  0.860946655077590E-001
  0.100000000000000E+001  0.141224318738079E+006  0.545453648559473E+001  0.837595865192876E+000  0.954148899639561E+002  0.385023645381345E+000  0.222714928502442E+000  0.824899274952075E-001  0.434455072444992E-001
  0.100000000000000E+001  0.144324520978229E+006  0.584498688241348E+001  0.836577952378275E+000  0.463085505201763E+002  0.699821832029607E+000  0.214403877747030E-001  0.775829357430246E-001 -0.101337379266086E+000
  0.100000000000000E+001  0.887887688145522E+006  0.536287626775265E+001  0.582931985262997E+000  0.117349669699256E+003  0.101383904882243E+001  0.466407895896103E+000 -0.896829045097895E-001  0.209240071705022E-001
  0.100000000000000E+001  0.539478710465357E+005  0.405571059416123E+001  0.454549916927195E+000  0.798651806817571E+002  0.937971828322424E+000  0.409560856196372E+000 -0.100171980274257E-001  0.130895560056808E+000
  0.100000000000000E+001  0.112342888281780E+007  0.495261569288704E+001  0.696030705750607E+000  0.130601531548318E+003  0.127630397630764E+001  0.392943959899305E+000 -0.100255255960110E+000  0.262386154699565E-001
  0.100000000000000E+001  0.112353690005299E+006  0.434480552646830E+001  0.766735739077479E+000  0.294167777698952E+002  0.717251330224676E+000  0.103675039155413E+000 -0.163491760618969E+000  0.133111837031280E+000
